    35.5    32.3    32.3    35.4
    40.3    36.8    36.8    40.3
    38.6    35.2    35.2    38.6
    40.3    36.8    36.8    40.3
     0.0     0.0     0.0     0.0
    16.7    12.7    12.9    12.6
    23.7    18.0    18.4    19.0
     0.2    -0.6    -0.3     0.7
     3.5    -0.1    -0.4     0.5
     0.0     0.0     0.0     0.0
    -0.2    -0.3    -0.1    -0.1
    -0.1     0.0     0.0    -0.2
    -0.1     0.0    -0.1     0.0
     0.0    -0.1     0.0     0.0
    -0.2    -0.2    -0.3    -0.2
    -0.1    -0.1     0.0     0.0
     0.0    -0.1     0.0     0.0
     0.0     0.0     0.0     0.0
     0.0     0.0    -0.1     0.0
    -0.5    -0.4    -0.7    -0.5
    38.8    35.3    35.3    34.5
    44.0    40.3    40.3    40.3
    42.2    38.5    38.5    38.6
    44.0    40.3    40.3    40.3
     0.0     0.0     0.0     0.0
    18.8    11.8    13.2    10.4
    26.4    21.4    20.8    15.0
     5.2     0.1     0.4     0.0
     6.0     0.6    -0.1     0.1
     0.0     0.0     0.0     0.0
    -0.1    -0.3    -0.1    -0.1
    -0.1    -0.1    -0.1    -0.1
    -0.0    -0.1     0.0     0.0
    -0.1    -0.1     0.0     0.0
     0.3     0.0    -0.1     0.0
     0.0     0.0     0.0     0.0
     0.0     0.0    -0.1     0.0
     0.0     0.0     0.0     0.0
     0.0     0.0     0.0     0.0
    -0.3    -0.3    -0.5    -0.3
    32.1    32.2    35.4    38.9
    36.8    36.8    40.3    44.0
    35.1    35.2    38.6    42.2
    36.8    36.8    40.3    44.0
     0.0     0.0     0.0     0.0
    13.0    14.2    16.3    19.1
    18.4    20.3    23.4    26.6
    -0.6    -0.7     1.9     7.4
    -0.2    -0.0     2.5     7.5
     0.0     0.0     0.0     0.0
    -0.2    -0.2    -0.4    -0.0
    -0.2    -0.2    -0.2    -0.1
    -0.1    -0.2     0.0     0.0
    -0.1     0.0    -0.2     0.0
    -0.1    -0.2    -0.1     0.2
     0.0     0.0     0.0     0.0
    -0.1     0.0    -0.1     0.0
     0.0     0.0     0.0     0.0
     0.0    -0.1     0.0     0.0
    -0.2    -0.3    -0.2    -0.1
    34.7    35.3    35.4    42.5
    40.3    40.3    40.3    47.8
    38.3    38.6    38.6    45.9
    40.3    40.3    40.3    47.8
     0.0     0.0     0.0     0.0
    12.7    16.3    16.6    21.6
    21.0    22.8    23.2    29.5
     0.4     1.2     1.6     9.9
     0.9     1.8     1.2    10.0
     0.0     0.0     0.0     0.0
    -0.1    -0.1    -0.1     1.9
    -0.1    -0.2    -0.2     4.1
     0.0     0.0     0.0     1.0
    -0.1    -0.2     0.0     0.0
     0.0     0.0     0.0     4.1
     0.0     0.0     0.0     0.0
     0.0     0.0     0.0     0.0
     0.0     0.0     0.0     0.0
     0.0     0.0     0.0     0.0
    -0.1    -0.3    -0.1     1.9
     0.0     0.0     0.0     0.0
     0.0     0.0     0.0     0.0
     0.0     0.0     0.0     0.0
     0.0     0.0     0.0     0.0
     0.0     0.0     0.0     0.0
     0.0     0.0     0.0     0.0
     0.0     0.0     0.0     0.0
     0.0     0.0     0.0     0.0
     0.0     0.0     0.0     0.0
     0.0     0.0     0.0     0.0
     0.0     0.0     0.0     0.0
     0.0     0.0     0.0     0.0
     0.0     0.0     0.0     0.0
     0.0     0.0     0.0     0.0
     0.0     0.0     0.0     0.0
     0.0     0.0     0.0     0.0
     0.0     0.0     0.0     0.0
     0.0     0.0     0.0     0.0
     0.0     0.0     0.0     0.0
     0.0     0.0     0.0     0.0
     7.9    35.4    30.1    28.5
    32.7    40.3    36.8    40.3
     9.5    38.5    28.9    23.9
    33.5    40.3    36.8    40.3
     0.0     0.0     0.0     0.0
    -0.6    16.5     9.9     2.8
     4.5    22.9    13.9    14.8
    -0.3    -0.2    -0.3    -0.2
    -0.2     2.2    -0.3     0.3
     0.0     0.0     0.0     0.0
    -0.2    -0.1    -0.1    -0.1
    -0.2    -0.2    -0.1    -0.1
     0.0     0.0     0.0    -0.1
    -0.1    -0.1    -0.1     0.0
     0.0    -0.1     0.0    -0.1
     0.0    -0.1     0.0     0.0
     0.0    -0.1    -0.1     0.0
     0.0     0.0     0.0     0.0
     0.0     0.0    -0.1     0.0
    -0.2    -0.2    -0.2    -0.2
     2.5    38.1    22.8    14.1
     8.6    44.0    36.8    39.7
     3.9    41.8    31.1    21.7
    35.3    44.0    36.8    40.3
     0.0     0.0     0.0     0.0
    -0.0    16.2     2.5     0.9
     3.5    25.8    12.4     7.2
    -0.1     2.7    -0.3    -0.1
    -0.3     5.0    -0.2     0.3
     0.0     0.0     0.0     0.0
    -0.1    -0.1     0.0     0.0
    -0.1     0.3     0.0    -0.1
     0.0     0.0    -0.1     0.0
    -0.1     0.0     0.0    -0.1
     0.0    -0.0     0.0     0.0
     0.0     0.0     0.0     0.0
    -0.1     0.0     0.0    -0.1
     0.0     0.0     0.0     0.0
     0.0     0.0     0.0     0.0
    -0.2    -0.1    -0.1    -0.2
    -0.5    10.9     1.2    -0.0
    -0.1    36.8    15.8     3.7
    -0.1    22.6     0.1     0.4
     3.8    36.8    18.9    17.2
     0.0     0.0     0.0     0.0
    -0.2    -0.2    -0.2    -0.1
    -0.2    11.9     0.6     0.0
    -0.1    -0.1    -0.1    -0.1
    -0.1    -0.2     0.0    -0.2
     0.0     0.0     0.0     0.0
    -0.1     0.0    -0.1     0.0
    -0.1    -0.2    -0.3     0.0
     0.0    -0.1     0.0     0.0
     0.0    -0.1     0.0     0.0
     0.0    -0.1     0.0     0.0
     0.0     0.0     0.0     0.0
     0.0    -0.1     0.0     0.0
     0.0     0.0     0.0     0.0
     0.0     0.0     0.0     0.0
    -0.2    -0.2    -0.2    -0.2
    -0.2    12.1    -0.2     0.0
     0.0    12.5     5.8     7.5
    -0.2     1.6     1.1     6.5
    -0.6    39.9    15.2     4.7
     0.0     0.0     0.0     0.0
    -0.1     1.7     0.0     0.0
    -0.1    10.1     0.8     0.0
    -0.1     0.1    -0.1     0.0
    -0.1     0.3    -0.1     0.0
     0.0     0.0     0.0     0.0
     0.0     0.0     0.0     1.0
    -0.1    -0.1    -0.1     0.0
     0.0     0.0     0.0     1.0
     0.0     0.0    -0.1     0.0
     0.0     0.0     0.0     0.0
     0.0     0.0     0.0     0.0
     0.0     0.0     0.0     1.0
     0.0     0.0     0.0     0.0
     0.0     0.0     0.0     0.0
    -0.1    -0.1    -0.1     1.0
     0.0     0.0     0.0     0.0
     0.0     0.0     0.0     0.0
     0.0     0.0     0.0     0.0
     0.0     0.0     0.0     0.0
     0.0     0.0     0.0     0.0
     0.0     0.0     0.0     0.0
     0.0     0.0     0.0     0.0
     0.0     0.0     0.0     0.0
     0.0     0.0     0.0     0.0
     0.0     0.0     0.0     0.0
     0.0     0.0     0.0     0.0
     0.0     0.0     0.0     0.0
     0.0     0.0     0.0     0.0
     0.0     0.0     0.0     0.0
     0.0     0.0     0.0     0.0
     0.0     0.0     0.0     0.0
     0.0     0.0     0.0     0.0
     0.0     0.0     0.0     0.0
     0.0     0.0     0.0     0.0
     0.0     0.0     0.0     0.0
    -0.2    -0.1    -0.1    -0.1
    -0.3     5.8    -0.3    -0.2
    -0.1     0.2    -0.1    -0.1
    -0.1    12.4    -0.2    -0.2
     0.0     0.0     0.0     0.0
     0.0     0.0    -0.2     0.0
    -0.1     1.2    -0.1     0.0
    -0.1    -0.1     0.0    -0.1
     0.0    -0.1    -0.1    -0.1
     0.0     0.0     0.0     0.0
     0.0     0.0     0.0    -0.1
     0.0     0.0     0.0     0.0
     0.0     0.0     0.0     0.0
     0.0     0.0     0.0     0.0
     0.0     0.0     0.0     0.0
     0.0     0.0     0.0     0.0
     0.0     0.0     0.0     0.0
     0.0     0.0     0.0     0.0
     0.0     0.0     0.0     0.0
    -0.2    -0.3    -0.3    -0.1
    -0.1    -0.0    -0.1    -0.1
     0.1     0.0    -0.2     0.0
     0.0     0.4     0.0     0.0
    -0.1     0.0    -0.1     0.0
     0.0     0.0     0.0     0.0
     0.0     0.0    -0.1     0.0
    -0.1    -0.1    -0.1    -0.1
    -0.1    -0.1    -0.1     0.0
    -0.1     0.0    -0.1     0.0
     0.0     0.0     0.0     0.0
     0.0    -0.1     0.0     0.0
     0.0     0.0    -0.1     0.0
     0.0     0.0     0.0     0.0
     0.0     0.0     0.0     0.0
     0.0     0.0     0.0     0.0
     0.0     0.0     0.0     0.0
     0.0     0.0     0.0     0.0
     0.0     0.0     0.0     0.0
     0.0     0.0     0.0     0.0
     0.0     0.0    -0.2     0.0
     0.0    -0.2    -0.1     0.0
    -0.3    -0.2    -0.2     0.0
    -0.1    -0.1    -0.1     0.0
    -0.1     0.0    -0.1     0.0
     0.0     0.0     0.0     0.0
     0.0     0.0    -0.3     0.0
    -0.1    -0.1    -0.1     0.0
     0.0     0.0     0.0    -0.1
     0.0    -0.1     0.0     0.0
     0.0     0.0     0.0     0.0
     0.0     0.0     0.0     0.0
     0.0     0.0     0.0     0.0
     0.0     0.0     0.0     0.0
     0.0     0.0     0.0     0.0
     0.0     0.0     0.0     0.0
     0.0     0.0     0.0     0.0
     0.0     0.0     0.0     0.0
     0.0     0.0     0.0     0.0
     0.0     0.0     0.0     0.0
    -0.2    -0.2    -0.2    -0.1
     0.0     0.0    -0.1     0.0
    -0.1     0.0     0.0     2.7
     0.0     0.0     0.0     0.0
     0.0     0.0     0.0     0.0
     0.0     0.0     0.0     0.0
    -0.1    -0.1    -0.1     0.0
     0.0     0.0     0.0     0.0
     0.0     0.0     0.0     0.0
     0.0     0.0     0.0     0.0
     0.0     0.0     0.0     0.0
     0.0     0.0     0.0     0.0
     0.0     0.0     0.0     0.0
     0.0     0.0     0.0     0.0
     0.0     0.0     0.0     0.0
     0.0     0.0     0.0     0.0
     0.0     0.0     0.0     0.0
     0.0     0.0     0.0     0.0
     0.0     0.0     0.0     0.0
     0.0     0.0     0.0     0.0
    -0.1     0.0    -0.1     0.0
     0.0     0.0     0.0     0.0
     0.0     0.0     0.0     0.0
     0.0     0.0     0.0     0.0
     0.0     0.0     0.0     0.0
     0.0     0.0     0.0     0.0
     0.0     0.0     0.0     0.0
     0.0     0.0     0.0     0.0
     0.0     0.0     0.0     0.0
     0.0     0.0     0.0     0.0
     0.0     0.0     0.0     0.0
     0.0     0.0     0.0     0.0
     0.0     0.0     0.0     0.0
     0.0     0.0     0.0     0.0
     0.0     0.0     0.0     0.0
     0.0     0.0     0.0     0.0
     0.0     0.0     0.0     0.0
     0.0     0.0     0.0     0.0
     0.0     0.0     0.0     0.0
     0.0     0.0     0.0     0.0
     0.0     0.0     0.0     0.0
     0.0     0.0    -0.1     0.0
    -0.1    -0.1    -0.2    -0.1
     0.0     0.0     0.0     0.0
    -0.1     0.0    -0.1     0.0
     0.0     0.0     0.0     0.0
     0.0    -0.1     0.0     0.0
    -0.1     0.0     0.0    -0.1
     0.0    -0.1     0.0     0.0
     0.0    -0.1     0.0     0.0
     0.0     0.0     0.0     0.0
     0.0     0.0     0.0     0.0
     0.0     0.0     0.0     0.0
     0.0     0.0     0.0     0.0
     0.0     0.0     0.0     0.0
     0.0     0.0     0.0     0.0
     0.0     0.0     0.0     0.0
     0.0     0.0     0.0     0.0
     0.0     0.0     0.0     0.0
     0.0     0.0     0.0     0.0
    -0.2    -0.2    -0.1    -0.1
     0.0     0.0     0.0     0.0
    -0.2    -0.1     0.0     0.0
     0.0     0.0     0.0     0.0
     0.0     0.0    -0.2     0.0
     0.0     0.0     0.0     0.0
     0.0     0.0    -0.1     0.0
     0.0     0.0     0.0     0.0
     0.0     0.0     0.0     0.0
     0.0     0.0     0.0     0.0
     0.0     0.0     0.0     0.0
     0.0     0.0     0.0     0.0
     0.0     0.0     0.0     0.0
     0.0     0.0     0.0     0.0
     0.0     0.0     0.0     0.0
     0.0     0.0     0.0     0.0
     0.0     0.0     0.0     0.0
     0.0     0.0     0.0     0.0
     0.0     0.0     0.0     0.0
     0.0     0.0     0.0     0.0
    -0.1    -0.1    -0.1     0.0
     0.0     0.0     0.0     0.0
    -0.1    -0.1    -0.1     0.0
     0.0     0.0     0.0     0.0
     0.0     0.0    -0.1     0.0
     0.0     0.0     0.0     0.0
     0.0     0.0     0.0     0.0
    -0.1    -0.1    -0.1    -0.1
     0.0     0.0     0.0     0.0
    -0.1     0.0    -0.1     0.0
     0.0     0.0     0.0     0.0
     0.0     0.0     0.0     0.0
     0.0     0.0     0.0     0.0
     0.0     0.0     0.0     0.0
     0.0     0.0     0.0     0.0
     0.0     0.0     0.0     0.0
     0.0     0.0     0.0     0.0
     0.0     0.0     0.0     0.0
     0.0     0.0     0.0     0.0
     0.0     0.0     0.0     0.0
    -0.1    -0.2    -0.1    -0.1
     0.0     0.0     0.0     0.0
    -0.1    -0.1    -0.1     0.0
     0.0     0.0     0.0     0.0
    -0.1    -0.1     0.0     0.0
     0.0     0.0     0.0     0.0
     0.0     0.0     0.0     0.0
     0.0     0.0     0.0     0.0
     0.0     0.0     0.0     0.0
     0.0     0.0     0.0     0.0
     0.0     0.0     0.0     0.0
     0.0     0.0     0.0     0.0
     0.0     0.0     0.0     0.0
     0.0     0.0     0.0     0.0
     0.0     0.0     0.0     0.0
     0.0     0.0     0.0     0.0
     0.0     0.0     0.0     0.0
     0.0     0.0     0.0     0.0
     0.0     0.0     0.0     0.0
     0.0     0.0     0.0     0.0
    -0.1    -0.1    -0.1     0.0
     0.0     0.0     0.0     0.0
     0.0     0.0     0.0     0.0
     0.0     0.0     0.0     0.0
     0.0     0.0     0.0     0.0
     0.0     0.0     0.0     0.0
     0.0     0.0     0.0     0.0
     0.0     0.0     0.0     0.0
     0.0     0.0     0.0     0.0
     0.0     0.0     0.0     0.0
     0.0     0.0     0.0     0.0
     0.0     0.0     0.0     0.0
     0.0     0.0     0.0     0.0
     0.0     0.0     0.0     0.0
     0.0     0.0     0.0     0.0
     0.0     0.0     0.0     0.0
     0.0     0.0     0.0     0.0
     0.0     0.0     0.0     0.0
     0.0     0.0     0.0     0.0
     0.0     0.0     0.0     0.0
     0.0     0.0     0.0     0.0
     0.0     0.0     0.0     0.0
     0.0     0.0     0.0     0.0
     0.0     0.0     0.0     0.0
     0.0     0.0     0.0     0.0
     0.0     0.0     0.0     0.0
     0.0     0.0     0.0     0.0
     0.0     0.0     0.0     0.0
     0.0     0.0     0.0     0.0
     0.0     0.0     0.0     0.0
    -1.0    -1.3    -1.6    -1.2
     0.0     0.0     0.0     0.0
     0.0     0.0     0.0     0.0
     0.0     0.0     0.0     0.0
     0.0     0.0     0.0     0.0
     0.0     0.0     0.0     0.0
     0.0     0.0     0.0     0.0
     0.0     0.0     0.0     0.0
     0.0     0.0     0.0     0.0
     0.0     0.0     0.0     0.0
     0.0     0.0     0.0     0.0
     0.0     0.0     0.0     0.0
     0.0     0.0     0.0     0.0
     0.0     0.0     0.0     0.0
     0.0     0.0     0.0     0.0
     0.0     0.0     0.0     0.0
     0.0     0.0     0.0     0.0
     0.0     0.0     0.0     0.0
     0.0     0.0     0.0     0.0
     0.0     0.0     0.0     0.0
     1.3    -0.9    -0.8    -1.0
     0.0     0.0     0.0     0.0
     0.0     0.0     0.0     0.0
     0.0     0.0     0.0     0.0
     0.0     0.0     0.0     0.0
     0.0     0.0     0.0     0.0
     0.0     0.0     0.0     0.0
     0.0     0.0     0.0     0.0
     0.0     0.0     0.0     0.0
     0.0     0.0     0.0     0.0
     0.0     0.0     0.0     0.0
     0.0     0.0     0.0     0.0
     0.0     0.0     0.0     0.0
     0.0     0.0     0.0     0.0
     0.0     0.0     0.0     0.0
     0.0     0.0     0.0     0.0
     0.0     0.0     0.0     0.0
     0.0     0.0     0.0     0.0
     0.0     0.0     0.0     0.0
     0.0     0.0     0.0     0.0
    -0.4    -1.1    -0.9     1.5
     0.0     0.0     0.0     0.0
     0.0     0.0     0.0     0.0
     0.0     0.0     0.0     0.0
     0.0     0.0     0.0     0.0
     0.0     0.0     0.0     0.0
     0.0     0.0     0.0     0.0
     0.0     0.0     0.0     0.0
     0.0     0.0     0.0     0.0
     0.0     0.0     0.0     0.0
     0.0     0.0     0.0     0.0
     0.0     0.0     0.0     0.0
     0.0     0.0     0.0     0.0
     0.0     0.0     0.0     0.0
     0.0     0.0     0.0     0.0
     0.0     0.0     0.0     0.0
     0.0     0.0     0.0     0.0
     0.0     0.0     0.0     0.0
     0.0     0.0     0.0     0.0
     0.0     0.0     0.0     0.0
     5.4     1.0    -0.3     0.9
     0.0     0.0     0.0     0.0
     0.0     0.0     0.0     0.0
     0.0     0.0     0.0     0.0
     0.0     0.0     0.0     0.0
     0.0     0.0     0.0     0.0
     0.0     0.0     0.0     0.0
     0.0     0.0     0.0     0.0
     0.0     0.0     0.0     0.0
     0.0     0.0     0.0     0.0
     0.0     0.0     0.0     0.0
     0.0     0.0     0.0     0.0
     0.0     0.0     0.0     0.0
     0.0     0.0     0.0     0.0
     0.0     0.0     0.0     0.0
     0.0     0.0     0.0     0.0
     0.0     0.0     0.0     0.0
     0.0     0.0     0.0     0.0
     0.0     0.0     0.0     0.0
     0.0     0.0     0.0     0.0
     0.0     0.0     0.0     0.0
     0.0     0.0     0.0     0.0
     0.0     0.0     0.0     0.0
     0.0     0.0     0.0     0.0
     0.0     0.0     0.0     0.0
     0.0     0.0     0.0     0.0
     0.0     0.0     0.0     0.0
     0.0     0.0     0.0     0.0
     0.0     0.0     0.0     0.0
     0.0     0.0     0.0     0.0
     0.0     0.0     0.0     0.0
     0.0     0.0     0.0     0.0
     0.0     0.0     0.0     0.0
     0.0     0.0     0.0     0.0
     0.0     0.0     0.0     0.0
     0.0     0.0     0.0     0.0
     0.0     0.0     0.0     0.0
     0.0     0.0     0.0     0.0
     0.0     0.0     0.0     0.0
     0.0     0.0     0.0     0.0
    -0.4    -0.9    -0.5     4.0
     0.0     0.0     0.0     0.0
     0.0     0.0     0.0     0.0
     0.0     0.0     0.0     0.0
     0.0     0.0     0.0     0.0
     0.0     0.0     0.0     0.0
     0.0     0.0     0.0     0.0
     0.0     0.0     0.0     0.0
     0.0     0.0     0.0     0.0
     0.0     0.0     0.0     0.0
     0.0     0.0     0.0     0.0
     0.0     0.0     0.0     0.0
     0.0     0.0     0.0     0.0
     0.0     0.0     0.0     0.0
     0.0     0.0     0.0     0.0
     0.0     0.0     0.0     0.0
     0.0     0.0     0.0     0.0
     0.0     0.0     0.0     0.0
     0.0     0.0     0.0     0.0
     0.0     0.0     0.0     0.0
     7.7     3.2     2.1     1.3
     0.0     0.0     0.0     0.0
     0.0     0.0     0.0     0.0
     0.0     0.0     0.0     0.0
     0.0     0.0     0.0     0.0
     0.0     0.0     0.0     0.0
     0.0     0.0     0.0     0.0
     0.0     0.0     0.0     0.0
     0.0     0.0     0.0     0.0
     0.0     0.0     0.0     0.0
     0.0     0.0     0.0     0.0
     0.0     0.0     0.0     0.0
     0.0     0.0     0.0     0.0
     0.0     0.0     0.0     0.0
     0.0     0.0     0.0     0.0
     0.0     0.0     0.0     0.0
     0.0     0.0     0.0     0.0
     0.0     0.0     0.0     0.0
     0.0     0.0     0.0     0.0
     0.0     0.0     0.0     0.0
    -0.4    -0.2    -0.4     3.8
     0.0     0.0     0.0     0.0
     0.0     0.0     0.0     0.0
     0.0     0.0     0.0     0.0
     0.0     0.0     0.0     0.0
     0.0     0.0     0.0     0.0
     0.0     0.0     0.0     0.0
     0.0     0.0     0.0     0.0
     0.0     0.0     0.0     0.0
     0.0     0.0     0.0     0.0
     0.0     0.0     0.0     0.0
     0.0     0.0     0.0     0.0
     0.0     0.0     0.0     0.0
     0.0     0.0     0.0     0.0
     0.0     0.0     0.0     0.0
     0.0     0.0     0.0     0.0
     0.0     0.0     0.0     0.0
     0.0     0.0     0.0     0.0
     0.0     0.0     0.0     0.0
     0.0     0.0     0.0     0.0
    -0.0     1.5     0.6     9.6
     0.0     0.0     0.0     0.0
     0.0     0.0     0.0     0.0
     0.0     0.0     0.0     0.0
     0.0     0.0     0.0     0.0
     0.0     0.0     0.0     0.0
     0.0     0.0     0.0     0.0
     0.0     0.0     0.0     0.0
     0.0     0.0     0.0     0.0
     0.0     0.0     0.0     0.0
     0.0     0.0     0.0     0.0
     0.0     0.0     0.0     0.0
     0.0     0.0     0.0     0.0
     0.0     0.0     0.0     0.0
     0.0     0.0     0.0     0.0
     0.0     0.0     0.0     0.0
     0.0     0.0     0.0     0.0
     0.0     0.0     0.0     0.0
     0.0     0.0     0.0     0.0
     0.0     0.0     0.0     0.0
     0.0     0.0     0.0     0.0
     0.0     0.0     0.0     0.0
     0.0     0.0     0.0     0.0
     0.0     0.0     0.0     0.0
     0.0     0.0     0.0     0.0
     0.0     0.0     0.0     0.0
     0.0     0.0     0.0     0.0
     0.0     0.0     0.0     0.0
     0.0     0.0     0.0     0.0
     0.0     0.0     0.0     0.0
     0.0     0.0     0.0     0.0
     0.0     0.0     0.0     0.0
     0.0     0.0     0.0     0.0
     0.0     0.0     0.0     0.0
     0.0     0.0     0.0     0.0
     0.0     0.0     0.0     0.0
     0.0     0.0     0.0     0.0
     0.0     0.0     0.0     0.0
     0.0     0.0     0.0     0.0
     0.0     0.0     0.0     0.0
    -0.4    -0.4    -0.4    -0.4
     0.0     0.0     0.0     0.0
     0.0     0.0     0.0     0.0
     0.0     0.0     0.0     0.0
     0.0     0.0     0.0     0.0
     0.0     0.0     0.0     0.0
     0.0     0.0     0.0     0.0
     0.0     0.0     0.0     0.0
     0.0     0.0     0.0     0.0
     0.0     0.0     0.0     0.0
     0.0     0.0     0.0     0.0
     0.0     0.0     0.0     0.0
     0.0     0.0     0.0     0.0
     0.0     0.0     0.0     0.0
     0.0     0.0     0.0     0.0
     0.0     0.0     0.0     0.0
     0.0     0.0     0.0     0.0
     0.0     0.0     0.0     0.0
     0.0     0.0     0.0     0.0
     0.0     0.0     0.0     0.0
     0.5     3.2    -0.5    -0.3
     0.0     0.0     0.0     0.0
     0.0     0.0     0.0     0.0
     0.0     0.0     0.0     0.0
     0.0     0.0     0.0     0.0
     0.0     0.0     0.0     0.0
     0.0     0.0     0.0     0.0
     0.0     0.0     0.0     0.0
     0.0     0.0     0.0     0.0
     0.0     0.0     0.0     0.0
     0.0     0.0     0.0     0.0
     0.0     0.0     0.0     0.0
     0.0     0.0     0.0     0.0
     0.0     0.0     0.0     0.0
     0.0     0.0     0.0     0.0
     0.0     0.0     0.0     0.0
     0.0     0.0     0.0     0.0
     0.0     0.0     0.0     0.0
     0.0     0.0     0.0     0.0
     0.0     0.0     0.0     0.0
    -0.2    -0.3    -0.3     0.5
     0.0     0.0     0.0     0.0
     0.0     0.0     0.0     0.0
     0.0     0.0     0.0     0.0
     0.0     0.0     0.0     0.0
     0.0     0.0     0.0     0.0
     0.0     0.0     0.0     0.0
     0.0     0.0     0.0     0.0
     0.0     0.0     0.0     0.0
     0.0     0.0     0.0     0.0
     0.0     0.0     0.0     0.0
     0.0     0.0     0.0     0.0
     0.0     0.0     0.0     0.0
     0.0     0.0     0.0     0.0
     0.0     0.0     0.0     0.0
     0.0     0.0     0.0     0.0
     0.0     0.0     0.0     0.0
     0.0     0.0     0.0     0.0
     0.0     0.0     0.0     0.0
     0.0     0.0     0.0     0.0
    -0.1    -0.3    -0.3     5.2
     0.0     0.0     0.0     0.0
     0.0     0.0     0.0     0.0
     0.0     0.0     0.0     0.0
     0.0     0.0     0.0     0.0
     0.0     0.0     0.0     0.0
     0.0     0.0     0.0     0.0
     0.0     0.0     0.0     0.0
     0.0     0.0     0.0     0.0
     0.0     0.0     0.0     0.0
     0.0     0.0     0.0     0.0
     0.0     0.0     0.0     0.0
     0.0     0.0     0.0     0.0
     0.0     0.0     0.0     0.0
     0.0     0.0     0.0     0.0
     0.0     0.0     0.0     0.0
     0.0     0.0     0.0     0.0
     0.0     0.0     0.0     0.0
     0.0     0.0     0.0     0.0
     0.0     0.0     0.0     0.0
     0.0     0.0     0.0     0.0
     0.0     0.0     0.0     0.0
     0.0     0.0     0.0     0.0
     0.0     0.0     0.0     0.0
     0.0     0.0     0.0     0.0
     0.0     0.0     0.0     0.0
     0.0     0.0     0.0     0.0
     0.0     0.0     0.0     0.0
     0.0     0.0     0.0     0.0
     0.0     0.0     0.0     0.0
     0.0     0.0     0.0     0.0
     0.0     0.0     0.0     0.0
     0.0     0.0     0.0     0.0
     0.0     0.0     0.0     0.0
     0.0     0.0     0.0     0.0
     0.0     0.0     0.0     0.0
     0.0     0.0     0.0     0.0
     0.0     0.0     0.0     0.0
     0.0     0.0     0.0     0.0
     0.0     0.0     0.0     0.0
    -0.1    -0.1     0.0    -0.1
     0.0     0.0     0.0     0.0
     0.0     0.0     0.0     0.0
     0.0     0.0     0.0     0.0
     0.0     0.0     0.0     0.0
     0.0     0.0     0.0     0.0
     0.0     0.0     0.0     0.0
     0.0     0.0     0.0     0.0
     0.0     0.0     0.0     0.0
     0.0     0.0     0.0     0.0
     0.0     0.0     0.0     0.0
     0.0     0.0     0.0     0.0
     0.0     0.0     0.0     0.0
     0.0     0.0     0.0     0.0
     0.0     0.0     0.0     0.0
     0.0     0.0     0.0     0.0
     0.0     0.0     0.0     0.0
     0.0     0.0     0.0     0.0
     0.0     0.0     0.0     0.0
     0.0     0.0     0.0     0.0
    -0.1    -0.2    -0.1    -0.1
     0.0     0.0     0.0     0.0
     0.0     0.0     0.0     0.0
     0.0     0.0     0.0     0.0
     0.0     0.0     0.0     0.0
     0.0     0.0     0.0     0.0
     0.0     0.0     0.0     0.0
     0.0     0.0     0.0     0.0
     0.0     0.0     0.0     0.0
     0.0     0.0     0.0     0.0
     0.0     0.0     0.0     0.0
     0.0     0.0     0.0     0.0
     0.0     0.0     0.0     0.0
     0.0     0.0     0.0     0.0
     0.0     0.0     0.0     0.0
     0.0     0.0     0.0     0.0
     0.0     0.0     0.0     0.0
     0.0     0.0     0.0     0.0
     0.0     0.0     0.0     0.0
     0.0     0.0     0.0     0.0
     0.0     0.0     0.0    -0.1
     0.0     0.0     0.0     0.0
     0.0     0.0     0.0     0.0
     0.0     0.0     0.0     0.0
     0.0     0.0     0.0     0.0
     0.0     0.0     0.0     0.0
     0.0     0.0     0.0     0.0
     0.0     0.0     0.0     0.0
     0.0     0.0     0.0     0.0
     0.0     0.0     0.0     0.0
     0.0     0.0     0.0     0.0
     0.0     0.0     0.0     0.0
     0.0     0.0     0.0     0.0
     0.0     0.0     0.0     0.0
     0.0     0.0     0.0     0.0
     0.0     0.0     0.0     0.0
     0.0     0.0     0.0     0.0
     0.0     0.0     0.0     0.0
     0.0     0.0     0.0     0.0
     0.0     0.0     0.0     0.0
    -0.1    -0.2     0.0     0.0
     0.0     0.0     0.0     0.0
     0.0     0.0     0.0     0.0
     0.0     0.0     0.0     0.0
     0.0     0.0     0.0     0.0
     0.0     0.0     0.0     0.0
     0.0     0.0     0.0     0.0
     0.0     0.0     0.0     0.0
     0.0     0.0     0.0     0.0
     0.0     0.0     0.0     0.0
     0.0     0.0     0.0     0.0
     0.0     0.0     0.0     0.0
     0.0     0.0     0.0     0.0
     0.0     0.0     0.0     0.0
     0.0     0.0     0.0     0.0
     0.0     0.0     0.0     0.0
     0.0     0.0     0.0     0.0
     0.0     0.0     0.0     0.0
     0.0     0.0     0.0     0.0
     0.0     0.0     0.0     0.0
     0.0     0.0     0.0     0.0
     0.0     0.0     0.0     0.0
     0.0     0.0     0.0     0.0
     0.0     0.0     0.0     0.0
     0.0     0.0     0.0     0.0
     0.0     0.0     0.0     0.0
     0.0     0.0     0.0     0.0
     0.0     0.0     0.0     0.0
     0.0     0.0     0.0     0.0
     0.0     0.0     0.0     0.0
     0.0     0.0     0.0     0.0
     0.0     0.0     0.0     0.0
     0.0     0.0     0.0     0.0
     0.0     0.0     0.0     0.0
     0.0     0.0     0.0     0.0
     0.0     0.0     0.0     0.0
     0.0     0.0     0.0     0.0
     0.0     0.0     0.0     0.0
     0.0     0.0     0.0     0.0
     0.0     0.0     0.0     0.0
     0.0     0.0     0.0     0.0
     0.0     0.0     0.0     0.0
     0.0     0.0     0.0     0.0
     0.0     0.0     0.0     0.0
     0.0     0.0     0.0     0.0
     0.0     0.0     0.0     0.0
     0.0     0.0     0.0     0.0
     0.0     0.0     0.0     0.0
     0.0     0.0     0.0     0.0
     0.0     0.0     0.0     0.0
     0.0     0.0     0.0     0.0
     0.0     0.0     0.0     0.0
     0.0     0.0     0.0     0.0
     0.0     0.0     0.0     0.0
     0.0     0.0     0.0     0.0
     0.0     0.0     0.0     0.0
     0.0     0.0     0.0     0.0
     0.0     0.0     0.0     0.0
     0.0     0.0     0.0     0.0
     0.0     0.0     0.0     0.0
     0.0     0.0     0.0     0.0
     0.0     0.0     0.0     0.0
     0.0     0.0     0.0     0.0
     0.0     0.0     0.0     0.0
     0.0     0.0     0.0     0.0
     0.0     0.0     0.0     0.0
     0.0     0.0     0.0     0.0
     0.0     0.0     0.0     0.0
     0.0     0.0     0.0     0.0
     0.0     0.0     0.0     0.0
     0.0     0.0     0.0     0.0
     0.0     0.0     0.0     0.0
     0.0     0.0     0.0     0.0
     0.0     0.0     0.0     0.0
     0.0     0.0     0.0     0.0
     0.0     0.0     0.0     0.0
     0.0     0.0     0.0     0.0
     0.0     0.0     0.0     0.0
     0.0     0.0     0.0     0.0
     0.0     0.0     0.0     0.0
     0.0     0.0     0.0     0.0
     0.0     0.0     0.0     0.0
     0.0     0.0     0.0     0.0
     0.0     0.0     0.0     0.0
     0.0     0.0     0.0     0.0
     0.0     0.0     0.0     0.0
     0.0     0.0     0.0     0.0
     0.0     0.0     0.0     0.0
     0.0     0.0     0.0     0.0
     0.0     0.0     0.0     0.0
     0.0     0.0     0.0     0.0
     0.0     0.0     0.0     0.0
     0.0     0.0     0.0     0.0
     0.0     0.0     0.0     0.0
     0.0     0.0     0.0     0.0
     0.0     0.0     0.0     0.0
     0.0     0.0     0.0     0.0
     0.0     0.0     0.0     0.0
     0.0     0.0     0.0     0.0
     0.0     0.0     0.0     0.0
     0.0     0.0     0.0     0.0
     0.0     0.0     0.0     0.0
     0.0     0.0     0.0     0.0
     0.0     0.0     0.0     0.0
     0.0     0.0     0.0     0.0
     0.0     0.0     0.0     0.0
     0.0     0.0     0.0     0.0
     0.0     0.0     0.0     0.0
     0.0     0.0     0.0     0.0
     0.0     0.0     0.0     0.0
     0.0     0.0     0.0     0.0
     0.0     0.0     0.0     0.0
     0.0     0.0     0.0     0.0
     0.0     0.0     0.0     0.0
     0.0     0.0     0.0     0.0
     0.0     0.0     0.0     0.0
     0.0     0.0     0.0     0.0
     0.0     0.0     0.0     0.0
     0.0     0.0     0.0     0.0
     0.0     0.0     0.0     0.0
     0.0     0.0     0.0     0.0
     0.0     0.0     0.0     0.0
     0.0     0.0     0.0     0.0
     0.0     0.0     0.0     0.0
     0.0     0.0     0.0     0.0
     0.0     0.0     0.0     0.0
     0.0     0.0     0.0     0.0
     0.0     0.0     0.0     0.0
     0.0     0.0     0.0     0.0
     0.0     0.0     0.0     0.0
     0.0     0.0     0.0     0.0
     0.0     0.0     0.0     0.0
     0.0     0.0     0.0     0.0
     0.0     0.0     0.0     0.0
     0.0     0.0     0.0     0.0
     0.0     0.0     0.0     0.0
     0.0     0.0     0.0     0.0
     0.0     0.0     0.0     0.0
     0.0     0.0     0.0     0.0
     0.0     0.0     0.0     0.0
     0.0     0.0     0.0     0.0
     0.0     0.0     0.0     0.0
     0.0     0.0     0.0     0.0
     0.0     0.0     0.0     0.0
     0.0     0.0     0.0     0.0
     0.0     0.0     0.0     0.0
     0.0     0.0     0.0     0.0
     0.0     0.0     0.0     0.0
     0.0     0.0     0.0     0.0
     0.0     0.0     0.0     0.0
     0.0     0.0     0.0     0.0
     0.0     0.0     0.0     0.0
     0.0     0.0     0.0     0.0
     0.0     0.0     0.0     0.0
     0.0     0.0     0.0     0.0
     0.0     0.0     0.0     0.0
     0.0     0.0     0.0     0.0
     0.0     0.0     0.0     0.0
     0.0     0.0     0.0     0.0
     0.0     0.0     0.0     0.0
     0.0     0.0     0.0     0.0
     0.0     0.0     0.0     0.0
     0.0     0.0     0.0     0.0
     0.0     0.0     0.0     0.0
     0.0     0.0     0.0     0.0
     0.0     0.0     0.0     0.0
     0.0     0.0     0.0     0.0
     0.0     0.0     0.0     0.0
     0.0     0.0     0.0     0.0
     0.0     0.0     0.0     0.0
     0.0     0.0     0.0     0.0
     0.0     0.0     0.0     0.0
     0.0     0.0     0.0     0.0
     0.0     0.0     0.0     0.0
     0.0     0.0     0.0     0.0
     0.0     0.0     0.0     0.0
     0.0     0.0     0.0     0.0
     0.0     0.0     0.0     0.0
     0.0     0.0     0.0     0.0
     0.0     0.0     0.0     0.0
     0.0     0.0     0.0     0.0
     0.0     0.0     0.0     0.0
     0.0     0.0     0.0     0.0
     0.0     0.0     0.0     0.0
     0.0     0.0     0.0     0.0
     0.0     0.0     0.0     0.0
     0.0     0.0     0.0     0.0
     0.0     0.0     0.0     0.0
     0.0     0.0     0.0     0.0
     0.0     0.0     0.0     0.0
     0.0     0.0     0.0     0.0
     0.0     0.0     0.0     0.0
     0.0     0.0     0.0     0.0
     0.0     0.0     0.0     0.0
     0.0     0.0     0.0     0.0
     0.0     0.0     0.0     0.0
     0.0     0.0     0.0     0.0
     0.0     0.0     0.0     0.0
     0.0     0.0     0.0     0.0
     0.0     0.0     0.0     0.0
     0.0     0.0     0.0     0.0
     0.0     0.0     0.0     0.0
     0.0     0.0     0.0     0.0
     0.0     0.0     0.0     0.0
     0.0     0.0     0.0     0.0
     0.0     0.0     0.0     0.0
     0.0     0.0     0.0     0.0
     0.0     0.0     0.0     0.0
     0.0     0.0     0.0     0.0
     0.0     0.0     0.0     0.0
     0.0     0.0     0.0     0.0
     0.0     0.0     0.0     0.0
     0.0     0.0     0.0     0.0
     0.0     0.0     0.0     0.0
     0.0     0.0     0.0     0.0
     0.0     0.0     0.0     0.0
     0.0     0.0     0.0     0.0
     0.0     0.0     0.0     0.0
     0.0     0.0     0.0     0.0
     0.0     0.0     0.0     0.0
     0.0     0.0     0.0     0.0
     0.0     0.0     0.0     0.0
     0.0     0.0     0.0     0.0
     0.0     0.0     0.0     0.0
     0.0     0.0     0.0     0.0
     0.0     0.0     0.0     0.0
     0.0     0.0     0.0     0.0
     0.0     0.0     0.0     0.0
     0.0     0.0     0.0     0.0
     0.0     0.0     0.0     0.0
     0.0     0.0     0.0     0.0
     0.0     0.0     0.0     0.0
     0.0     0.0     0.0     0.0
     0.0     0.0     0.0     0.0
     0.0     0.0     0.0     0.0
     0.0     0.0     0.0     0.0
     0.0     0.0     0.0     0.0
     0.0     0.0     0.0     0.0
     0.0     0.0     0.0     0.0
     0.0     0.0     0.0     0.0
     0.0     0.0     0.0     0.0
     0.0     0.0     0.0     0.0
     0.0     0.0     0.0     0.0
     0.0     0.0     0.0     0.0
     0.0     0.0     0.0     0.0
     0.0     0.0     0.0     0.0
     0.0     0.0     0.0     0.0
     0.0     0.0     0.0     0.0
     0.0     0.0     0.0     0.0
     0.0     0.0     0.0     0.0
     0.0     0.0     0.0     0.0
     0.0     0.0     0.0     0.0
     0.0     0.0     0.0     0.0
     0.0     0.0     0.0     0.0
     0.0     0.0     0.0     0.0
     0.0     0.0     0.0     0.0
     0.0     0.0     0.0     0.0
     0.0     0.0     0.0     0.0
     0.0     0.0     0.0     0.0
     0.0     0.0     0.0     0.0
     0.0     0.0     0.0     0.0
     0.0     0.0     0.0     0.0
     0.0     0.0     0.0     0.0
     0.0     0.0     0.0     0.0
     0.0     0.0     0.0     0.0
     0.0     0.0     0.0     0.0
     0.0     0.0     0.0     0.0
     0.0     0.0     0.0     0.0
     0.0     0.0     0.0     0.0
     0.0     0.0     0.0     0.0
     0.0     0.0     0.0     0.0
     0.0     0.0     0.0     0.0
     0.0     0.0     0.0     0.0
     0.0     0.0     0.0     0.0
     0.0     0.0     0.0     0.0
     0.0     0.0     0.0     0.0
     0.0     0.0     0.0     0.0
     0.0     0.0     0.0     0.0
     0.0     0.0     0.0     0.0
     0.0     0.0     0.0     0.0
     0.0     0.0     0.0     0.0
     0.0     0.0     0.0     0.0
     0.0     0.0     0.0     0.0
     0.0     0.0     0.0     0.0
     0.0     0.0     0.0     0.0
     0.0     0.0     0.0     0.0
     0.0     0.0     0.0     0.0
     0.0     0.0     0.0     0.0
     0.0     0.0     0.0     0.0
     0.0     0.0     0.0     0.0
     0.0     0.0     0.0     0.0
     0.0     0.0     0.0     0.0
     0.0     0.0     0.0     0.0
     0.0     0.0     0.0     0.0
     0.0     0.0     0.0     0.0
     0.0     0.0     0.0     0.0
     0.0     0.0     0.0     0.0
     0.0     0.0     0.0     0.0
     0.0     0.0     0.0     0.0
     0.0     0.0     0.0     0.0
     0.0     0.0     0.0     0.0
     0.0     0.0     0.0     0.0
     0.0     0.0     0.0     0.0
     0.0     0.0     0.0     0.0
     0.0     0.0     0.0     0.0
     0.0     0.0     0.0     0.0
     0.0     0.0     0.0     0.0
     0.0     0.0     0.0     0.0
     0.0     0.0     0.0     0.0
     0.0     0.0     0.0     0.0
     0.0     0.0     0.0     0.0
     0.0     0.0     0.0     0.0
     0.0     0.0     0.0     0.0
     0.0     0.0     0.0     0.0
     0.0     0.0     0.0     0.0
     0.0     0.0     0.0     0.0
     0.0     0.0     0.0     0.0
     0.0     0.0     0.0     0.0
     0.0     0.0     0.0     0.0
     0.0     0.0     0.0     0.0
     0.0     0.0     0.0     0.0
     0.0     0.0     0.0     0.0
     0.0     0.0     0.0     0.0
     0.0     0.0     0.0     0.0
     0.0     0.0     0.0     0.0
     0.0     0.0     0.0     0.0
     0.0     0.0     0.0     0.0
     0.0     0.0     0.0     0.0
     0.0     0.0     0.0     0.0
     0.0     0.0     0.0     0.0
     0.0     0.0     0.0     0.0
     0.0     0.0     0.0     0.0
     0.0     0.0     0.0     0.0
     0.0     0.0     0.0     0.0
     0.0     0.0     0.0     0.0
     0.0     0.0     0.0     0.0
     0.0     0.0     0.0     0.0
     0.0     0.0     0.0     0.0
     0.0     0.0     0.0     0.0
     0.0     0.0     0.0     0.0
     0.0     0.0     0.0     0.0
     0.0     0.0     0.0     0.0
     0.0     0.0     0.0     0.0
     0.0     0.0     0.0     0.0
     0.0     0.0     0.0     0.0
     0.0     0.0     0.0     0.0
     0.0     0.0     0.0     0.0
     0.0     0.0     0.0     0.0
     0.0     0.0     0.0     0.0
     0.0     0.0     0.0     0.0
     0.0     0.0     0.0     0.0
     0.0     0.0     0.0     0.0
     0.0     0.0     0.0     0.0
     0.0     0.0     0.0     0.0
     0.0     0.0     0.0     0.0
     0.0     0.0     0.0     0.0
     0.0     0.0     0.0     0.0
     0.0     0.0     0.0     0.0
     0.0     0.0     0.0     0.0
     0.0     0.0     0.0     0.0
     0.0     0.0     0.0     0.0
     0.0     0.0     0.0     0.0
     0.0     0.0     0.0     0.0
     0.0     0.0     0.0     0.0
     0.0     0.0     0.0     0.0
     0.0     0.0     0.0     0.0
     0.0     0.0     0.0     0.0
     0.0     0.0     0.0     0.0
     0.0     0.0     0.0     0.0
     0.0     0.0     0.0     0.0
     0.0     0.0     0.0     0.0
     0.0     0.0     0.0     0.0
     0.0     0.0     0.0     0.0
     0.0     0.0     0.0     0.0
     0.0     0.0     0.0     0.0
     0.0     0.0     0.0     0.0
     0.0     0.0     0.0     0.0
     0.0     0.0     0.0     0.0
     0.0     0.0     0.0     0.0
     0.0     0.0     0.0     0.0
     0.0     0.0     0.0     0.0
     0.0     0.0     0.0     0.0
     0.0     0.0     0.0     0.0
     0.0     0.0     0.0     0.0
     0.0     0.0     0.0     0.0
     0.0     0.0     0.0     0.0
     0.0     0.0     0.0     0.0
     0.0     0.0     0.0     0.0
     0.0     0.0     0.0     0.0
     0.0     0.0     0.0     0.0
     0.0     0.0     0.0     0.0
     0.0     0.0     0.0     0.0
     0.0     0.0     0.0     0.0
     0.0     0.0     0.0     0.0
     0.0     0.0     0.0     0.0
     0.0     0.0     0.0     0.0
     0.0     0.0     0.0     0.0
     0.0     0.0     0.0     0.0
     0.0     0.0     0.0     0.0
     0.0     0.0     0.0     0.0
     0.0     0.0     0.0     0.0
     0.0     0.0     0.0     0.0
     0.0     0.0     0.0     0.0
     0.0     0.0     0.0     0.0
     0.0     0.0     0.0     0.0
     0.0     0.0     0.0     0.0
     0.0     0.0     0.0     0.0
     0.0     0.0     0.0     0.0
     0.0     0.0     0.0     0.0
     0.0     0.0     0.0     0.0
     0.0     0.0     0.0     0.0
     0.0     0.0     0.0     0.0
     0.0     0.0     0.0     0.0
     0.0     0.0     0.0     0.0
     0.0     0.0     0.0     0.0
     0.0     0.0     0.0     0.0
     0.0     0.0     0.0     0.0
     0.0     0.0     0.0     0.0
     0.0     0.0     0.0     0.0
     0.0     0.0     0.0     0.0
     0.0     0.0     0.0     0.0
     0.0     0.0     0.0     0.0
     0.0     0.0     0.0     0.0
     0.0     0.0     0.0     0.0
     0.0     0.0     0.0     0.0
     0.0     0.0     0.0     0.0
     0.0     0.0     0.0     0.0
     0.0     0.0     0.0     0.0
     0.0     0.0     0.0     0.0
     0.0     0.0     0.0     0.0
     0.0     0.0     0.0     0.0
     0.0     0.0     0.0     0.0
     0.0     0.0     0.0     0.0
     0.0     0.0     0.0     0.0
     0.0     0.0     0.0     0.0
    48.2    44.3    44.3    47.5
     0.0     0.0     0.0     0.0
     0.0     0.0     0.0     0.0
     0.0     0.0     0.0     0.0
     0.0     0.0     0.0     0.0
     0.0     0.0     0.0     0.0
     0.0     0.0     0.0     0.0
     0.0     0.0     0.0     0.0
     0.0     0.0     0.0     0.0
     0.0     0.0     0.0     0.0
     0.0     0.0     0.0     0.0
     0.0     0.0     0.0     0.0
     0.0     0.0     0.0     0.0
     0.0     0.0     0.0     0.0
     0.0     0.0     0.0     0.0
     0.0     0.0     0.0     0.0
     0.0     0.0     0.0     0.0
     0.0     0.0     0.0     0.0
     0.0     0.0     0.0     0.0
     0.0     0.0     0.0     0.0
    51.5    47.5    47.5    47.5
     0.0     0.0     0.0     0.0
     0.0     0.0     0.0     0.0
     0.0     0.0     0.0     0.0
     0.0     0.0     0.0     0.0
     0.0     0.0     0.0     0.0
     0.0     0.0     0.0     0.0
     0.0     0.0     0.0     0.0
     0.0     0.0     0.0     0.0
     0.0     0.0     0.0     0.0
     0.0     0.0     0.0     0.0
     0.0     0.0     0.0     0.0
     0.0     0.0     0.0     0.0
     0.0     0.0     0.0     0.0
     0.0     0.0     0.0     0.0
     0.0     0.0     0.0     0.0
     0.0     0.0     0.0     0.0
     0.0     0.0     0.0     0.0
     0.0     0.0     0.0     0.0
     0.0     0.0     0.0     0.0
    52.2    48.1    48.1    51.5
     0.0     0.0     0.0     0.0
     0.0     0.0     0.0     0.0
     0.0     0.0     0.0     0.0
     0.0     0.0     0.0     0.0
     0.0     0.0     0.0     0.0
     0.0     0.0     0.0     0.0
     0.0     0.0     0.0     0.0
     0.0     0.0     0.0     0.0
     0.0     0.0     0.0     0.0
     0.0     0.0     0.0     0.0
     0.0     0.0     0.0     0.0
     0.0     0.0     0.0     0.0
     0.0     0.0     0.0     0.0
     0.0     0.0     0.0     0.0
     0.0     0.0     0.0     0.0
     0.0     0.0     0.0     0.0
     0.0     0.0     0.0     0.0
     0.0     0.0     0.0     0.0
     0.0     0.0     0.0     0.0
    55.7    51.5    51.5    51.5
     0.0     0.0     0.0     0.0
     0.0     0.0     0.0     0.0
     0.0     0.0     0.0     0.0
     0.0     0.0     0.0     0.0
     0.0     0.0     0.0     0.0
     0.0     0.0     0.0     0.0
     0.0     0.0     0.0     0.0
     0.0     0.0     0.0     0.0
     0.0     0.0     0.0     0.0
     0.0     0.0     0.0     0.0
     0.0     0.0     0.0     0.0
     0.0     0.0     0.0     0.0
     0.0     0.0     0.0     0.0
     0.0     0.0     0.0     0.0
     0.0     0.0     0.0     0.0
     0.0     0.0     0.0     0.0
     0.0     0.0     0.0     0.0
     0.0     0.0     0.0     0.0
     0.0     0.0     0.0     0.0
     0.0     0.0     0.0     0.0
     0.0     0.0     0.0     0.0
     0.0     0.0     0.0     0.0
     0.0     0.0     0.0     0.0
     0.0     0.0     0.0     0.0
     0.0     0.0     0.0     0.0
     0.0     0.0     0.0     0.0
     0.0     0.0     0.0     0.0
     0.0     0.0     0.0     0.0
     0.0     0.0     0.0     0.0
     0.0     0.0     0.0     0.0
     0.0     0.0     0.0     0.0
     0.0     0.0     0.0     0.0
     0.0     0.0     0.0     0.0
     0.0     0.0     0.0     0.0
     0.0     0.0     0.0     0.0
     0.0     0.0     0.0     0.0
     0.0     0.0     0.0     0.0
     0.0     0.0     0.0     0.0
     0.0     0.0     0.0     0.0
    56.1    51.9    51.9    55.5
     0.0     0.0     0.0     0.0
     0.0     0.0     0.0     0.0
     0.0     0.0     0.0     0.0
     0.0     0.0     0.0     0.0
     0.0     0.0     0.0     0.0
     0.0     0.0     0.0     0.0
     0.0     0.0     0.0     0.0
     0.0     0.0     0.0     0.0
     0.0     0.0     0.0     0.0
     0.0     0.0     0.0     0.0
     0.0     0.0     0.0     0.0
     0.0     0.0     0.0     0.0
     0.0     0.0     0.0     0.0
     0.0     0.0     0.0     0.0
     0.0     0.0     0.0     0.0
     0.0     0.0     0.0     0.0
     0.0     0.0     0.0     0.0
     0.0     0.0     0.0     0.0
     0.0     0.0     0.0     0.0
    59.9    55.5    55.5    55.5
     0.0     0.0     0.0     0.0
     0.0     0.0     0.0     0.0
     0.0     0.0     0.0     0.0
     0.0     0.0     0.0     0.0
     0.0     0.0     0.0     0.0
     0.0     0.0     0.0     0.0
     0.0     0.0     0.0     0.0
     0.0     0.0     0.0     0.0
     0.0     0.0     0.0     0.0
     0.0     0.0     0.0     0.0
     0.0     0.0     0.0     0.0
     0.0     0.0     0.0     0.0
     0.0     0.0     0.0     0.0
     0.0     0.0     0.0     0.0
     0.0     0.0     0.0     0.0
     0.0     0.0     0.0     0.0
     0.0     0.0     0.0     0.0
     0.0     0.0     0.0     0.0
     0.0     0.0     0.0     0.0
    60.2    55.9    55.8    59.6
     0.0     0.0     0.0     0.0
     0.0     0.0     0.0     0.0
     0.0     0.0     0.0     0.0
     0.0     0.0     0.0     0.0
     0.0     0.0     0.0     0.0
     0.0     0.0     0.0     0.0
     0.0     0.0     0.0     0.0
     0.0     0.0     0.0     0.0
     0.0     0.0     0.0     0.0
     0.0     0.0     0.0     0.0
     0.0     0.0     0.0     0.0
     0.0     0.0     0.0     0.0
     0.0     0.0     0.0     0.0
     0.0     0.0     0.0     0.0
     0.0     0.0     0.0     0.0
     0.0     0.0     0.0     0.0
     0.0     0.0     0.0     0.0
     0.0     0.0     0.0     0.0
     0.0     0.0     0.0     0.0
    64.3    59.7    59.7    59.6
     0.0     0.0     0.0     0.0
     0.0     0.0     0.0     0.0
     0.0     0.0     0.0     0.0
     0.0     0.0     0.0     0.0
     0.0     0.0     0.0     0.0
     0.0     0.0     0.0     0.0
     0.0     0.0     0.0     0.0
     0.0     0.0     0.0     0.0
     0.0     0.0     0.0     0.0
     0.0     0.0     0.0     0.0
     0.0     0.0     0.0     0.0
     0.0     0.0     0.0     0.0
     0.0     0.0     0.0     0.0
     0.0     0.0     0.0     0.0
     0.0     0.0     0.0     0.0
     0.0     0.0     0.0     0.0
     0.0     0.0     0.0     0.0
     0.0     0.0     0.0     0.0
     0.0     0.0     0.0     0.0
     0.0     0.0     0.0     0.0
     0.0     0.0     0.0     0.0
     0.0     0.0     0.0     0.0
     0.0     0.0     0.0     0.0
     0.0     0.0     0.0     0.0
     0.0     0.0     0.0     0.0
     0.0     0.0     0.0     0.0
     0.0     0.0     0.0     0.0
     0.0     0.0     0.0     0.0
     0.0     0.0     0.0     0.0
     0.0     0.0     0.0     0.0
     0.0     0.0     0.0     0.0
     0.0     0.0     0.0     0.0
     0.0     0.0     0.0     0.0
     0.0     0.0     0.0     0.0
     0.0     0.0     0.0     0.0
     0.0     0.0     0.0     0.0
     0.0     0.0     0.0     0.0
     0.0     0.0     0.0     0.0
     0.0     0.0     0.0     0.0
    64.6    60.0    59.9    64.1
     0.0     0.0     0.0     0.0
     0.0     0.0     0.0     0.0
     0.0     0.0     0.0     0.0
     0.0     0.0     0.0     0.0
     0.0     0.0     0.0     0.0
     0.0     0.0     0.0     0.0
     0.0     0.0     0.0     0.0
     0.0     0.0     0.0     0.0
     0.0     0.0     0.0     0.0
     0.0     0.0     0.0     0.0
     0.0     0.0     0.0     0.0
     0.0     0.0     0.0     0.0
     0.0     0.0     0.0     0.0
     0.0     0.0     0.0     0.0
     0.0     0.0     0.0     0.0
     0.0     0.0     0.0     0.0
     0.0     0.0     0.0     0.0
     0.0     0.0     0.0     0.0
     0.0     0.0     0.0     0.0
    69.0    64.1    64.1    64.1
     0.0     0.0     0.0     0.0
     0.0     0.0     0.0     0.0
     0.0     0.0     0.0     0.0
     0.0     0.0     0.0     0.0
     0.0     0.0     0.0     0.0
     0.0     0.0     0.0     0.0
     0.0     0.0     0.0     0.0
     0.0     0.0     0.0     0.0
     0.0     0.0     0.0     0.0
     0.0     0.0     0.0     0.0
     0.0     0.0     0.0     0.0
     0.0     0.0     0.0     0.0
     0.0     0.0     0.0     0.0
     0.0     0.0     0.0     0.0
     0.0     0.0     0.0     0.0
     0.0     0.0     0.0     0.0
     0.0     0.0     0.0     0.0
     0.0     0.0     0.0     0.0
     0.0     0.0     0.0     0.0
    69.2    64.3    64.3    68.9
     0.0     0.0     0.0     0.0
     0.0     0.0     0.0     0.0
     0.0     0.0     0.0     0.0
     0.0     0.0     0.0     0.0
     0.0     0.0     0.0     0.0
     0.0     0.0     0.0     0.0
     0.0     0.0     0.0     0.0
     0.0     0.0     0.0     0.0
     0.0     0.0     0.0     0.0
     0.0     0.0     0.0     0.0
     0.0     0.0     0.0     0.0
     0.0     0.0     0.0     0.0
     0.0     0.0     0.0     0.0
     0.0     0.0     0.0     0.0
     0.0     0.0     0.0     0.0
     0.0     0.0     0.0     0.0
     0.0     0.0     0.0     0.0
     0.0     0.0     0.0     0.0
     0.0     0.0     0.0     0.0
    74.0    68.9    68.9    68.9
     0.0     0.0     0.0     0.0
     0.0     0.0     0.0     0.0
     0.0     0.0     0.0     0.0
     0.0     0.0     0.0     0.0
     0.0     0.0     0.0     0.0
     0.0     0.0     0.0     0.0
     0.0     0.0     0.0     0.0
     0.0     0.0     0.0     0.0
     0.0     0.0     0.0     0.0
     0.0     0.0     0.0     0.0
     0.0     0.0     0.0     0.0
     0.0     0.0     0.0     0.0
     0.0     0.0     0.0     0.0
     0.0     0.0     0.0     0.0
     0.0     0.0     0.0     0.0
     0.0     0.0     0.0     0.0
     0.0     0.0     0.0     0.0
     0.0     0.0     0.0     0.0
     0.0     0.0     0.0     0.0
     0.0     0.0     0.0     0.0
     0.0     0.0     0.0     0.0
     0.0     0.0     0.0     0.0
     0.0     0.0     0.0     0.0
     0.0     0.0     0.0     0.0
     0.0     0.0     0.0     0.0
     0.0     0.0     0.0     0.0
     0.0     0.0     0.0     0.0
     0.0     0.0     0.0     0.0
     0.0     0.0     0.0     0.0
     0.0     0.0     0.0     0.0
     0.0     0.0     0.0     0.0
     0.0     0.0     0.0     0.0
     0.0     0.0     0.0     0.0
     0.0     0.0     0.0     0.0
     0.0     0.0     0.0     0.0
     0.0     0.0     0.0     0.0
     0.0     0.0     0.0     0.0
     0.0     0.0     0.0     0.0
     0.0     0.0     0.0     0.0
    74.1    68.9    68.9    73.8
     0.0     0.0     0.0     0.0
     0.0     0.0     0.0     0.0
     0.0     0.0     0.0     0.0
     0.0     0.0     0.0     0.0
     0.0     0.0     0.0     0.0
     0.0     0.0     0.0     0.0
     0.0     0.0     0.0     0.0
     0.0     0.0     0.0     0.0
     0.0     0.0     0.0     0.0
     0.0     0.0     0.0     0.0
     0.0     0.0     0.0     0.0
     0.0     0.0     0.0     0.0
     0.0     0.0     0.0     0.0
     0.0     0.0     0.0     0.0
     0.0     0.0     0.0     0.0
     0.0     0.0     0.0     0.0
     0.0     0.0     0.0     0.0
     0.0     0.0     0.0     0.0
     0.0     0.0     0.0     0.0
    79.2    73.8    73.8    73.8
     0.0     0.0     0.0     0.0
     0.0     0.0     0.0     0.0
     0.0     0.0     0.0     0.0
     0.0     0.0     0.0     0.0
     0.0     0.0     0.0     0.0
     0.0     0.0     0.0     0.0
     0.0     0.0     0.0     0.0
     0.0     0.0     0.0     0.0
     0.0     0.0     0.0     0.0
     0.0     0.0     0.0     0.0
     0.0     0.0     0.0     0.0
     0.0     0.0     0.0     0.0
     0.0     0.0     0.0     0.0
     0.0     0.0     0.0     0.0
     0.0     0.0     0.0     0.0
     0.0     0.0     0.0     0.0
     0.0     0.0     0.0     0.0
     0.0     0.0     0.0     0.0
     0.0     0.0     0.0     0.0
    73.8    68.9    73.8    79.2
     0.0     0.0     0.0     0.0
     0.0     0.0     0.0     0.0
     0.0     0.0     0.0     0.0
     0.0     0.0     0.0     0.0
     0.0     0.0     0.0     0.0
     0.0     0.0     0.0     0.0
     0.0     0.0     0.0     0.0
     0.0     0.0     0.0     0.0
     0.0     0.0     0.0     0.0
     0.0     0.0     0.0     0.0
     0.0     0.0     0.0     0.0
     0.0     0.0     0.0     0.0
     0.0     0.0     0.0     0.0
     0.0     0.0     0.0     0.0
     0.0     0.0     0.0     0.0
     0.0     0.0     0.0     0.0
     0.0     0.0     0.0     0.0
     0.0     0.0     0.0     0.0
     0.0     0.0     0.0     0.0
    79.0    73.8    73.8    84.7
     0.0     0.0     0.0     0.0
     0.0     0.0     0.0     0.0
     0.0     0.0     0.0     0.0
     0.0     0.0     0.0     0.0
     0.0     0.0     0.0     0.0
     0.0     0.0     0.0     0.0
     0.0     0.0     0.0     0.0
     0.0     0.0     0.0     0.0
     0.0     0.0     0.0     0.0
     0.0     0.0     0.0     0.0
     0.0     0.0     0.0     0.0
     0.0     0.0     0.0     0.0
     0.0     0.0     0.0     0.0
     0.0     0.0     0.0     0.0
     0.0     0.0     0.0     0.0
     0.0     0.0     0.0     0.0
     0.0     0.0     0.0     0.0
     0.0     0.0     0.0     0.0
     0.0     0.0     0.0     0.0
     0.0     0.0     0.0     0.0
     0.0     0.0     0.0     0.0
     0.0     0.0     0.0     0.0
     0.0     0.0     0.0     0.0
     0.0     0.0     0.0     0.0
     0.0     0.0     0.0     0.0
     0.0     0.0     0.0     0.0
     0.0     0.0     0.0     0.0
     0.0     0.0     0.0     0.0
     0.0     0.0     0.0     0.0
     0.0     0.0     0.0     0.0
     0.0     0.0     0.0     0.0
     0.0     0.0     0.0     0.0
     0.0     0.0     0.0     0.0
     0.0     0.0     0.0     0.0
     0.0     0.0     0.0     0.0
