    40.3    36.8    40.3    36.8
    44.0    40.3    40.3    40.3
    36.8    36.8    44.0    40.3
    40.3    40.3    47.8    40.3
     0.0     0.0     0.0     0.0
     8.6    40.3    34.6    24.9
     4.5    44.0    35.2    22.3
    -0.3    22.4     0.9     1.6
    -0.1     2.3     7.8     0.0
     0.0     0.0     0.0     0.0
    -0.1     2.1    -0.1    -0.1
    -0.1     0.0    -0.1    -0.1
    -0.1    -0.1     0.0    -0.1
     0.0     0.0     1.0     0.0
     0.0     0.0     0.0     0.0
     0.0     0.0     0.0    -0.1
    -0.0     0.0    -0.1     0.0
     0.0     0.0     0.0     0.0
     0.0     0.0     1.9     0.0
     0.0     0.0     0.0     0.0
    39.9    36.6    40.0    36.6
    43.6    39.6    39.0    38.0
    36.0    36.6    43.6    39.4
    39.8    40.0    47.4    39.9
     0.0     0.0     0.0     0.0
     9.2    39.8    36.6    26.3
     7.8    43.4    30.6    25.3
    -0.3    21.7     3.8    -0.2
     0.0    23.3     3.4     0.0
     0.0     0.0     0.0     0.0
    -0.2     0.1    -0.1    -0.1
    -0.2    -0.1    -0.2    -0.1
     0.0    -0.1     0.0     0.0
    -0.1    -0.1     1.0     0.0
     0.0     0.0     0.0     0.0
     0.0     0.0     0.0     0.0
     0.0     0.0     0.0     0.0
     0.0     0.0     0.0     0.0
     0.0     0.0     0.0     0.0
     0.0     0.0     0.0     0.0
    40.3    36.8    40.3    36.8
    44.0    40.3    40.3    40.3
    36.8    36.8    44.0    40.3
    40.3    40.3    47.8    40.3
     0.0     0.0     0.0     0.0
    18.2    40.3    40.3    36.8
    30.4    44.0    40.3    36.8
    -0.6    25.5     2.7    -0.1
    -0.2    37.9     1.0     2.4
     0.0     0.0     0.0     0.0
    -0.2    -0.1    -0.2    -0.2
    -0.2     2.4    -0.2    -0.1
     0.0    -0.1     0.0     0.0
    -0.1    -0.1     1.0     0.0
     0.0     0.0     0.0     0.0
     0.0    -0.1    -0.1     0.0
    -0.1    -0.1     0.0     0.0
     0.0     0.0     0.0     0.0
     0.0     0.0     0.0     0.0
     0.0     0.0     0.0     0.0
    40.3    36.8    40.3    36.8
    44.0    40.3    40.3    40.3
    36.8    36.8    44.0    40.3
    40.3    40.3    47.8    40.3
     0.0     0.0     0.0     0.0
    32.8    40.3    40.3    36.8
    35.8    44.0    40.3    36.8
    -0.3    36.8    11.7     2.6
    -0.6    39.9     6.1     8.0
     0.0     0.0     0.0     0.0
    -0.1    -0.1    -0.1    -0.1
    -0.0     0.0    -0.1     0.0
     0.0    -0.1     0.0     0.0
     0.0     0.0     1.0     0.0
     0.0     0.0     0.0     0.0
     0.0     0.0     0.0     0.0
     0.0     0.0     0.0     0.0
     0.0     0.0     0.0     0.0
     0.0     0.0     0.0     0.0
     0.0     0.0     0.0     0.0
     0.0     0.0     0.0     0.0
     0.0     0.0     0.0     0.0
     0.0     0.0     0.0     0.0
     0.0     0.0     0.0     0.0
     0.0     0.0     0.0     0.0
     0.0     0.0     0.0     0.0
     0.0     0.0     0.0     0.0
     0.0     0.0     0.0     0.0
     0.0     0.0     0.0     0.0
     0.0     0.0     0.0     0.0
     0.0     0.0     0.0     0.0
     0.0     0.0     0.0     0.0
     0.0     0.0     0.0     0.0
     0.0     0.0     0.0     0.0
     0.0     0.0     0.0     0.0
     0.0     0.0     0.0     0.0
     0.0     0.0     0.0     0.0
     0.0     0.0     0.0     0.0
     0.0     0.0     0.0     0.0
     0.0     0.0     0.0     0.0
    22.4    20.6    24.6    19.1
    27.4    23.7    23.4    21.7
    19.3    21.8    27.5    23.0
    22.1    23.7    30.5    23.4
     0.0     0.0     0.0     0.0
     0.6    13.1    22.6     8.6
     1.1    26.4    13.5     6.6
    -0.2     6.8     0.3     0.1
    -0.4    -0.1     4.7     0.2
     0.0     0.0     0.0     0.0
     0.0    -0.1     0.0    -0.2
    -0.1     0.5    -0.1     0.0
    -0.1    -0.1    -0.1     0.0
    -0.1    -0.1     0.0    -0.1
     0.0     0.0     0.0     0.0
     0.0     0.0     0.0     0.0
    -0.1    -0.1    -0.1     0.0
     0.0     0.0     0.0     0.0
     0.0     0.0     1.0     0.0
     0.0     0.0     0.0     0.0
    13.4    17.9    25.2    14.5
    28.0    21.4    22.7    16.6
    16.6    20.7    28.0    20.3
    22.7    25.1    31.1    23.5
     0.0     0.0     0.0     0.0
     0.0    23.7    17.2     5.3
     1.5    26.4    11.5     7.7
    -0.1    -0.1     2.4     0.0
    -0.2     1.1     6.5    -0.0
     0.0     0.0     0.0     0.0
    -0.1    -0.1     0.0     0.0
    -0.1     0.2    -0.1    -0.1
     0.0     0.0    -0.1     0.0
    -0.1    -0.1     0.0     0.0
     0.0     0.0     0.0     0.0
     0.0     0.0     0.0     0.0
     0.0     0.0    -0.1     0.0
     0.0     0.0     0.0     0.0
     0.0     0.0     0.0     0.0
     0.0     0.0     0.0     0.0
     0.8     0.7     6.3     0.3
     8.2     3.6     3.3     2.7
    -0.1     0.7     6.9     0.3
     0.7     6.0    10.2     2.6
     0.0     0.0     0.0     0.0
    -0.1     0.1     2.2    -0.1
    -0.1     6.7     0.4    -0.2
    -0.1    -0.1    -0.0    -0.1
    -0.2    -0.1     1.0     0.0
     0.0     0.0     0.0     0.0
    -0.1    -0.1    -0.1     0.0
    -0.1    -0.1    -0.3    -0.1
     0.0     0.0     0.0     0.0
    -0.1     0.0     1.0     0.0
     0.0     0.0     0.0     0.0
     0.0     0.0     0.0     0.0
     0.0     0.0     0.0     0.0
     0.0     0.0     0.0     0.0
     0.0     0.0     0.0     0.0
     0.0     0.0     0.0     0.0
     0.8    -0.3     0.4    -0.1
     8.1     1.3     1.7     0.9
    -0.1    -0.3     6.7     0.3
     1.1     0.9    10.3     0.3
     0.0     0.0     0.0     0.0
     0.0     0.0     1.4     0.0
     0.1     6.3    -0.1    -0.1
    -0.1    -0.0     0.0    -0.1
    -0.2     0.2     1.9    -0.1
     0.0     0.0     0.0     0.0
    -0.1    -0.1     0.0     0.0
     0.0     0.0    -0.1     0.0
     0.0     0.0     0.0     0.0
    -0.1     0.0     0.0     0.0
     0.0     0.0     0.0     0.0
     0.0     0.0     0.0     0.0
     0.0    -0.1     0.0     0.0
     0.0     0.0     0.0     0.0
     0.0     0.0     0.0     0.0
     0.0     0.0     0.0     0.0
     0.0     0.0     0.0     0.0
     0.0     0.0     0.0     0.0
     0.0     0.0     0.0     0.0
     0.0     0.0     0.0     0.0
     0.0     0.0     0.0     0.0
     0.0     0.0     0.0     0.0
     0.0     0.0     0.0     0.0
     0.0     0.0     0.0     0.0
     0.0     0.0     0.0     0.0
     0.0     0.0     0.0     0.0
     0.0     0.0     0.0     0.0
     0.0     0.0     0.0     0.0
     0.0     0.0     0.0     0.0
     0.0     0.0     0.0     0.0
     0.0     0.0     0.0     0.0
     0.0     0.0     0.0     0.0
     0.0     0.0     0.0     0.0
     0.0     0.0     0.0     0.0
     0.0     0.0     0.0     0.0
     0.0     0.0     0.0     0.0
    -0.2    -0.2    -0.1    -0.1
     1.1    -0.2    -0.3    -0.1
    -0.1    -0.1     0.0    -0.1
    -0.2    -0.1     5.2    -0.2
     0.0     0.0     0.0     0.0
    -0.1    -0.1    -0.2    -0.1
    -0.0     0.7    -0.1     0.0
     0.0     0.0     0.0    -0.1
     0.0    -0.0     1.9    -0.1
     0.0     0.0     0.0     0.0
     0.0     0.0     0.0    -0.1
     0.0     0.2     0.0     0.0
     0.0     0.0     0.0     0.0
     0.0     0.0     0.0     0.0
     0.0     0.0     0.0     0.0
     0.0     0.0     0.0     0.0
     0.0     0.0     0.0     0.0
     0.0     0.0     0.0     0.0
     0.0     0.0     0.0     0.0
     0.0     0.0     0.0     0.0
     0.0    -0.3    -0.1     0.0
     0.1    -0.1     0.0     0.0
    -0.1    -0.1    -0.0     0.0
    -0.1    -0.3     4.7    -0.1
     0.0     0.0     0.0     0.0
    -0.1     0.0    -0.1     0.0
    -0.1     0.0    -0.1     0.0
    -0.1     0.0    -0.1     0.0
     0.0    -0.1     0.0    -0.1
     0.0     0.0     0.0     0.0
     0.0    -0.1     0.0     0.0
     0.0     0.0    -0.1     0.0
     0.0     0.0     0.0     0.0
     0.0     0.0     0.0     0.0
     0.0     0.0     0.0     0.0
     0.0     0.0     0.0     0.0
     0.0     0.0     0.0     0.0
     0.0     0.0     0.0     0.0
     0.0     0.0     0.0     0.0
     0.0     0.0     0.0     0.0
    -0.1    -0.1    -0.2     0.0
    -0.1    -0.2    -0.2    -0.1
     0.0    -0.1    -0.1     0.0
    -0.1    -0.1     0.0     0.0
     0.0     0.0     0.0     0.0
    -0.1    -0.2    -0.1    -0.1
    -0.1     0.0    -0.1     0.0
     0.0    -0.2     0.0     0.0
     0.0     0.0     1.0     0.0
     0.0     0.0     0.0     0.0
     0.0     0.0     0.0     0.0
     0.0     0.0     0.0     0.0
     0.0     0.0     0.0     0.0
     0.0     0.0     0.0     0.0
     0.0     0.0     0.0     0.0
     0.0     0.0     0.0     0.0
     0.0     0.0     0.0     0.0
     0.0     0.0     0.0     0.0
     0.0     0.0     0.0     0.0
     0.0     0.0     0.0     0.0
     0.0     0.0    -0.1     0.0
     0.0     0.0    -0.3    -0.1
     0.0     0.0     0.0     0.0
     0.0     0.0     1.0     0.0
     0.0     0.0     0.0     0.0
     0.0     0.0     0.0     0.0
     0.0     0.0     0.0    -0.1
     0.0    -0.2     0.0     0.0
     0.0     0.0     1.0     0.0
     0.0     0.0     0.0     0.0
     0.0     0.0     0.0     0.0
     0.0     0.0     0.0     0.0
     0.0     0.0     0.0     0.0
     0.0     0.0     0.0     0.0
     0.0     0.0     0.0     0.0
     0.0     0.0     0.0     0.0
     0.0     0.0     0.0     0.0
     0.0     0.0     0.0     0.0
     0.0     0.0     0.0     0.0
     0.0     0.0     0.0     0.0
    -0.1    -0.1    -0.1    -0.2
    -0.0    -0.1    -0.2    -0.1
     0.0    -0.1     0.0    -0.1
     0.0     0.0     2.7     0.0
     0.0     0.0     0.0     0.0
     0.0     0.0     0.0     0.0
     0.0     0.0     0.0     0.0
     0.0     0.0     0.0     0.0
     0.0     0.0     0.0     0.0
     0.0     0.0     0.0     0.0
     0.0     0.0     0.0     0.0
     0.0     0.0     0.0     0.0
     0.0     0.0     0.0     0.0
     0.0     0.0     0.0     0.0
     0.0     0.0     0.0     0.0
     0.0     0.0     0.0     0.0
     0.0     0.0     0.0     0.0
     0.0     0.0     0.0     0.0
     0.0     0.0     0.0     0.0
     0.0     0.0     0.0     0.0
     0.0     0.0    -0.1     0.0
    -0.2    -0.2    -0.1    -0.1
    -0.1     0.0     0.0     0.0
    -0.1    -0.1     1.9     0.0
     0.0     0.0     0.0     0.0
    -0.1     0.0     0.0     0.0
    -0.1     0.0    -0.1     0.0
     0.0     0.0     0.0     0.0
     0.0     0.0     0.0     0.0
     0.0     0.0     0.0     0.0
     0.0     0.0     0.0     0.0
     0.0     0.0     0.0     0.0
     0.0     0.0     0.0     0.0
     0.0     0.0     0.0     0.0
     0.0     0.0     0.0     0.0
     0.0     0.0     0.0     0.0
     0.0     0.0     0.0     0.0
     0.0     0.0     0.0     0.0
     0.0     0.0     0.0     0.0
     0.0     0.0     0.0     0.0
     0.0     0.0     0.0     0.0
    -0.1    -0.2     0.0     0.0
     0.0     0.0     0.0     0.0
     0.0    -0.1     0.0     0.0
     0.0     0.0     0.0     0.0
     0.0     0.0     0.0    -0.1
     0.0    -0.1     0.0     0.0
     0.0     0.0     0.0     0.0
     0.0     0.0     0.0     0.0
     0.0     0.0     0.0     0.0
     0.0     0.0     0.0     0.0
     0.0     0.0     0.0     0.0
     0.0     0.0     0.0     0.0
     0.0     0.0     0.0     0.0
     0.0     0.0     0.0     0.0
     0.0     0.0     0.0     0.0
     0.0     0.0     0.0     0.0
     0.0     0.0     0.0     0.0
     0.0     0.0     0.0     0.0
     0.0     0.0     0.0     0.0
     0.0     0.0     0.0     0.0
    -0.0    -0.1    -0.2     0.0
     0.0     0.0     0.0     0.0
    -0.1     0.0     1.0     0.0
     0.0     0.0     0.0     0.0
     0.0     0.0     0.0     0.0
    -0.2     0.0    -0.1     0.0
     0.0     0.0     0.0     0.0
     0.0    -0.2     0.0     0.0
     0.0     0.0     0.0     0.0
     0.0     0.0     0.0     0.0
     0.0     0.0     0.0     0.0
     0.0     0.0     0.0     0.0
     0.0     0.0     0.0     0.0
     0.0     0.0     0.0     0.0
     0.0     0.0     0.0     0.0
     0.0     0.0     0.0     0.0
     0.0     0.0     0.0     0.0
     0.0     0.0     0.0     0.0
     0.0     0.0     0.0     0.0
     0.0     0.0     0.0     0.0
    -0.1    -0.1    -0.1     0.0
     0.0     0.0     0.0     0.0
     0.0    -0.1     0.0     0.0
     0.0     0.0     0.0     0.0
     0.0     0.0     0.0     0.0
     0.0    -0.1     0.0     0.0
     0.0     0.0     0.0     0.0
     0.0     0.0     0.0     0.0
     0.0     0.0     0.0     0.0
     0.0     0.0     0.0     0.0
     0.0     0.0     0.0     0.0
     0.0     0.0     0.0     0.0
     0.0     0.0     0.0     0.0
     0.0     0.0     0.0     0.0
     0.0     0.0     0.0     0.0
     0.0     0.0     0.0     0.0
     0.0     0.0     0.0     0.0
     0.0     0.0     0.0     0.0
     0.0     0.0     0.0     0.0
     0.0     0.0     0.0     0.0
     0.0     0.0     0.0     0.0
     0.0     0.0     0.0     0.0
     0.0     0.0     0.0     0.0
     0.0     0.0     0.0     0.0
     0.0     0.0     0.0     0.0
     0.0     0.0     0.0     0.0
     0.0     0.0     0.0     0.0
     0.0     0.0     0.0     0.0
     0.0     0.0     0.0     0.0
     0.0     0.0     0.0     0.0
     0.0     0.0     0.0     0.0
     0.0     0.0     0.0     0.0
     0.0     0.0     0.0     0.0
     0.0     0.0     0.0     0.0
     0.0     0.0     0.0     0.0
     0.0     0.0     0.0     0.0
     0.0     0.0     0.0     0.0
     0.0     0.0     0.0     0.0
     0.0     0.0     0.0     0.0
     0.0     0.0     0.0     0.0
     0.0     0.0     0.0     0.0
     0.0     0.0     0.0     0.0
     0.0     0.0     0.0     0.0
     0.0     0.0     0.0     0.0
     0.0     0.0     0.0     0.0
     0.0     0.0     0.0     0.0
     0.0     0.0     0.0     0.0
     0.0     0.0     0.0     0.0
     0.0     0.0     0.0     0.0
     0.0     0.0     0.0     0.0
     0.0     0.0     0.0     0.0
     0.0     0.0     0.0     0.0
     0.0     0.0     0.0     0.0
     0.0     0.0     0.0     0.0
     0.0     0.0     0.0     0.0
     0.0     0.0     0.0     0.0
     0.0     0.0     0.0     0.0
     0.0     0.0     0.0     0.0
     0.0     0.0     0.0     0.0
     0.0     0.0     0.0     0.0
     0.0     0.0     0.0     0.0
     0.0     0.0     0.0     0.0
     0.0     0.0     0.0     0.0
     0.0     0.0     0.0     0.0
     0.0     0.0     0.0     0.0
     0.0     0.0     0.0     0.0
     0.0     0.0     0.0     0.0
     0.0     0.0     0.0     0.0
     0.0     0.0     0.0     0.0
     0.0     0.0     0.0     0.0
     0.0     0.0     0.0     0.0
     0.0     0.0     0.0     0.0
     0.0     0.0     0.0     0.0
     0.0     0.0     0.0     0.0
     0.0     0.0     0.0     0.0
     0.0     0.0     0.0     0.0
     0.0     0.0     0.0     0.0
     0.0     0.0     0.0     0.0
     0.0     0.0     0.0     0.0
     0.0     0.0     0.0     0.0
     0.0     0.0     0.0     0.0
     0.0     0.0     0.0     0.0
     0.0     0.0     0.0     0.0
     0.0     0.0     0.0     0.0
     0.0     0.0     0.0     0.0
     0.0     0.0     0.0     0.0
     0.0     0.0     0.0     0.0
     0.0     0.0     0.0     0.0
     0.0     0.0     0.0     0.0
     0.0     0.0     0.0     0.0
     0.0     0.0     0.0     0.0
     0.0     0.0     0.0     0.0
     0.0     0.0     0.0     0.0
     0.0     0.0     0.0     0.0
     0.0     0.0     0.0     0.0
     0.0     0.0     0.0     0.0
     0.0     0.0     0.0     0.0
     0.0     0.0     0.0     0.0
     0.0     0.0     0.0     0.0
     0.0     0.0     0.0     0.0
     0.0     0.0     0.0     0.0
     0.0     0.0     0.0     0.0
     0.0     0.0     0.0     0.0
     0.0     0.0     0.0     0.0
     0.0     0.0     0.0     0.0
     0.0     0.0     0.0     0.0
     0.0     0.0     0.0     0.0
     0.0     0.0     0.0     0.0
     0.0     0.0     0.0     0.0
     0.0     0.0     0.0     0.0
     0.0     0.0     0.0     0.0
     0.0     0.0     0.0     0.0
     0.0     0.0     0.0     0.0
     0.0     0.0     0.0     0.0
     0.0     0.0     0.0     0.0
     0.0     0.0     0.0     0.0
     0.0     0.0     0.0     0.0
     0.0     0.0     0.0     0.0
     0.0     0.0     0.0     0.0
     0.0     0.0     0.0     0.0
     0.0     0.0     0.0     0.0
     0.0     0.0     0.0     0.0
     0.0     0.0     0.0     0.0
     0.0     0.0     0.0     0.0
     0.0     0.0     0.0     0.0
     0.0     0.0     0.0     0.0
     0.0     0.0     0.0     0.0
     0.0     0.0     0.0     0.0
     0.0     0.0     0.0     0.0
     0.0     0.0     0.0     0.0
     0.0     0.0     0.0     0.0
     0.0     0.0     0.0     0.0
     0.0     0.0     0.0     0.0
     0.0     0.0     0.0     0.0
     0.0     0.0     0.0     0.0
     0.0     0.0     0.0     0.0
     0.0     0.0     0.0     0.0
     0.0     0.0     0.0     0.0
     0.0     0.0     0.0     0.0
     0.0     0.0     0.0     0.0
     0.0     0.0     0.0     0.0
     0.0     0.0     0.0     0.0
     0.0     0.0     0.0     0.0
     0.0     0.0     0.0     0.0
     0.0     0.0     0.0     0.0
     0.0     0.0     0.0     0.0
     0.0     0.0     0.0     0.0
     0.0     0.0     0.0     0.0
     0.0     0.0     0.0     0.0
     0.0     0.0     0.0     0.0
     0.0     0.0     0.0     0.0
     0.0     0.0     0.0     0.0
     0.0     0.0     0.0     0.0
     0.0     0.0     0.0     0.0
     0.0     0.0     0.0     0.0
     0.0     0.0     0.0     0.0
     0.0     0.0     0.0     0.0
     0.0     0.0     0.0     0.0
     0.0     0.0     0.0     0.0
     0.0     0.0     0.0     0.0
     0.0     0.0     0.0     0.0
     0.0     0.0     0.0     0.0
     0.0     0.0     0.0     0.0
     0.0     0.0     0.0     0.0
     0.0     0.0     0.0     0.0
     0.0     0.0     0.0     0.0
     0.0     0.0     0.0     0.0
     0.0     0.0     0.0     0.0
     0.0     0.0     0.0     0.0
     0.0     0.0     0.0     0.0
     0.0     0.0     0.0     0.0
     0.0     0.0     0.0     0.0
     0.0     0.0     0.0     0.0
     0.0     0.0     0.0     0.0
     0.0     0.0     0.0     0.0
     0.0     0.0     0.0     0.0
     0.0     0.0     0.0     0.0
     0.0     0.0     0.0     0.0
     0.0     0.0     0.0     0.0
     0.0     0.0     0.0     0.0
     0.0     0.0     0.0     0.0
     0.0     0.0     0.0     0.0
     0.0     0.0     0.0     0.0
     0.0     0.0     0.0     0.0
     0.0     0.0     0.0     0.0
     0.0     0.0     0.0     0.0
     0.0     0.0     0.0     0.0
     0.0     0.0     0.0     0.0
     0.0     0.0     0.0     0.0
     0.0     0.0     0.0     0.0
     0.0     0.0     0.0     0.0
     0.0     0.0     0.0     0.0
     0.0     0.0     0.0     0.0
     0.0     0.0     0.0     0.0
     0.0     0.0     0.0     0.0
     0.0     0.0     0.0     0.0
     0.0     0.0     0.0     0.0
     0.0     0.0     0.0     0.0
     0.0     0.0     0.0     0.0
     0.0     0.0     0.0     0.0
     0.0     0.0     0.0     0.0
     0.0     0.0     0.0     0.0
     0.0     0.0     0.0     0.0
     0.0     0.0     0.0     0.0
     0.0     0.0     0.0     0.0
     0.0     0.0     0.0     0.0
     0.0     0.0     0.0     0.0
     0.0     0.0     0.0     0.0
     0.0     0.0     0.0     0.0
     0.0     0.0     0.0     0.0
     0.0     0.0     0.0     0.0
     0.0     0.0     0.0     0.0
     0.0     0.0     0.0     0.0
     0.0     0.0     0.0     0.0
     0.0     0.0     0.0     0.0
     0.0     0.0     0.0     0.0
     0.0     0.0     0.0     0.0
     0.0     0.0     0.0     0.0
     0.0     0.0     0.0     0.0
    -1.1    -1.1    -1.0    -1.0
    -0.4    -1.3    -1.3    -1.3
    -0.6    -0.8    -0.7    -0.8
     2.9    -0.2    -0.8    -0.7
     0.0     0.0     0.0     0.0
    -0.3    -0.4     1.6    -0.4
     6.7     0.7     0.6     0.4
    -0.1    -0.1     1.8    -0.0
     0.0     1.6     9.5    -0.2
     0.0     0.0     0.0     0.0
    -0.1     0.0    -0.2     0.0
     0.1     0.0    -0.1    -0.1
    -0.1     0.0    -0.0     0.0
     0.0     0.0     2.7    -0.1
     0.0     0.0     0.0     0.0
     0.0     0.0    -0.1     0.0
    -0.1    -0.0     0.0     0.0
     0.0     0.0     0.0     0.0
     0.0     0.0     1.0     0.0
     0.0     0.0     0.0     0.0
     0.0     0.0     0.0     0.0
     0.0     0.0     0.0     0.0
     0.0     0.0     0.0     0.0
     0.0     0.0     0.0     0.0
     0.0     0.0     0.0     0.0
     0.0     0.0     0.0     0.0
     0.0     0.0     0.0     0.0
     0.0     0.0     0.0     0.0
     0.0     0.0     0.0     0.0
     0.0     0.0     0.0     0.0
     0.0     0.0     0.0     0.0
     0.0     0.0     0.0     0.0
     0.0     0.0     0.0     0.0
     0.0     0.0     0.0     0.0
     0.0     0.0     0.0     0.0
     0.0     0.0     0.0     0.0
     0.0     0.0     0.0     0.0
     0.0     0.0     0.0     0.0
     0.0     0.0     0.0     0.0
     0.0     0.0     0.0     0.0
     0.0     0.0     0.0     0.0
     0.0     0.0     0.0     0.0
     0.0     0.0     0.0     0.0
     0.0     0.0     0.0     0.0
     0.0     0.0     0.0     0.0
     0.0     0.0     0.0     0.0
     0.0     0.0     0.0     0.0
     0.0     0.0     0.0     0.0
     0.0     0.0     0.0     0.0
     0.0     0.0     0.0     0.0
     0.0     0.0     0.0     0.0
     0.0     0.0     0.0     0.0
     0.0     0.0     0.0     0.0
     0.0     0.0     0.0     0.0
     0.0     0.0     0.0     0.0
     0.0     0.0     0.0     0.0
     0.0     0.0     0.0     0.0
     0.0     0.0     0.0     0.0
     0.0     0.0     0.0     0.0
     0.0     0.0     0.0     0.0
     0.0     0.0     0.0     0.0
     0.0     0.0     0.0     0.0
     0.0     0.0     0.0     0.0
     0.0     0.0     0.0     0.0
     0.0     0.0     0.0     0.0
     0.0     0.0     0.0     0.0
     0.0     0.0     0.0     0.0
     0.0     0.0     0.0     0.0
     0.0     0.0     0.0     0.0
     0.0     0.0     0.0     0.0
     0.0     0.0     0.0     0.0
     0.0     0.0     0.0     0.0
     0.0     0.0     0.0     0.0
     0.0     0.0     0.0     0.0
     0.0     0.0     0.0     0.0
     0.0     0.0     0.0     0.0
     0.0     0.0     0.0     0.0
     0.0     0.0     0.0     0.0
     0.0     0.0     0.0     0.0
     0.0     0.0     0.0     0.0
     0.0     0.0     0.0     0.0
     0.0     0.0     0.0     0.0
     0.0     0.0     0.0     0.0
     0.0     0.0     0.0     0.0
     0.0     0.0     0.0     0.0
     0.0     0.0     0.0     0.0
     0.0     0.0     0.0     0.0
     0.0     0.0     0.0     0.0
     0.0     0.0     0.0     0.0
     0.0     0.0     0.0     0.0
     0.0     0.0     0.0     0.0
     0.0     0.0     0.0     0.0
     0.0     0.0     0.0     0.0
     0.0     0.0     0.0     0.0
     0.0     0.0     0.0     0.0
     0.0     0.0     0.0     0.0
     0.0     0.0     0.0     0.0
     0.0     0.0     0.0     0.0
     0.0     0.0     0.0     0.0
     0.0     0.0     0.0     0.0
     0.0     0.0     0.0     0.0
     0.0     0.0     0.0     0.0
     0.0     0.0     0.0     0.0
     0.0     0.0     0.0     0.0
     0.0     0.0     0.0     0.0
     0.0     0.0     0.0     0.0
     0.0     0.0     0.0     0.0
     0.0     0.0     0.0     0.0
     0.0     0.0     0.0     0.0
     0.0     0.0     0.0     0.0
     0.0     0.0     0.0     0.0
     0.0     0.0     0.0     0.0
     0.0     0.0     0.0     0.0
     0.0     0.0     0.0     0.0
     0.0     0.0     0.0     0.0
     0.0     0.0     0.0     0.0
     0.0     0.0     0.0     0.0
     0.0     0.0     0.0     0.0
     0.0     0.0     0.0     0.0
     0.0     0.0     0.0     0.0
     0.0     0.0     0.0     0.0
     0.0     0.0     0.0     0.0
     0.0     0.0     0.0     0.0
     0.0     0.0     0.0     0.0
     0.0     0.0     0.0     0.0
     0.0     0.0     0.0     0.0
     0.0     0.0     0.0     0.0
     0.0     0.0     0.0     0.0
     0.0     0.0     0.0     0.0
     0.0     0.0     0.0     0.0
     0.0     0.0     0.0     0.0
     0.0     0.0     0.0     0.0
     0.0     0.0     0.0     0.0
     0.0     0.0     0.0     0.0
     0.0     0.0     0.0     0.0
     0.0     0.0     0.0     0.0
     0.0     0.0     0.0     0.0
     0.0     0.0     0.0     0.0
     0.0     0.0     0.0     0.0
     0.0     0.0     0.0     0.0
     0.0     0.0     0.0     0.0
     0.0     0.0     0.0     0.0
     0.0     0.0     0.0     0.0
     0.0     0.0     0.0     0.0
     0.0     0.0     0.0     0.0
     0.0     0.0     0.0     0.0
     0.0     0.0     0.0     0.0
     0.0     0.0     0.0     0.0
     0.0     0.0     0.0     0.0
     0.0     0.0     0.0     0.0
     0.0     0.0     0.0     0.0
     0.0     0.0     0.0     0.0
     0.0     0.0     0.0     0.0
     0.0     0.0     0.0     0.0
     0.0     0.0     0.0     0.0
     0.0     0.0     0.0     0.0
     0.0     0.0     0.0     0.0
     0.0     0.0     0.0     0.0
     0.0     0.0     0.0     0.0
     0.0     0.0     0.0     0.0
     0.0     0.0     0.0     0.0
     0.0     0.0     0.0     0.0
     0.0     0.0     0.0     0.0
     0.0     0.0     0.0     0.0
     0.0     0.0     0.0     0.0
     0.0     0.0     0.0     0.0
     0.0     0.0     0.0     0.0
     0.0     0.0     0.0     0.0
     0.0     0.0     0.0     0.0
     0.0     0.0     0.0     0.0
     0.0     0.0     0.0     0.0
     0.0     0.0     0.0     0.0
     0.0     0.0     0.0     0.0
     0.0     0.0     0.0     0.0
     0.0     0.0     0.0     0.0
     0.0     0.0     0.0     0.0
     0.0     0.0     0.0     0.0
     0.0     0.0     0.0     0.0
     0.0     0.0     0.0     0.0
     0.0     0.0     0.0     0.0
     0.0     0.0     0.0     0.0
     0.0     0.0     0.0     0.0
     0.0     0.0     0.0     0.0
     0.0     0.0     0.0     0.0
     0.0     0.0     0.0     0.0
     0.0     0.0     0.0     0.0
     0.0     0.0     0.0     0.0
     0.0     0.0     0.0     0.0
     0.0     0.0     0.0     0.0
     0.0     0.0     0.0     0.0
     0.0     0.0     0.0     0.0
     0.0     0.0     0.0     0.0
     0.0     0.0     0.0     0.0
     0.0     0.0     0.0     0.0
     0.0     0.0     0.0     0.0
     0.0     0.0     0.0     0.0
     0.0     0.0     0.0     0.0
     0.0     0.0     0.0     0.0
     0.0     0.0     0.0     0.0
     0.0     0.0     0.0     0.0
     0.0     0.0     0.0     0.0
     0.0     0.0     0.0     0.0
     0.0     0.0     0.0     0.0
     0.0     0.0     0.0     0.0
     0.0     0.0     0.0     0.0
     0.0     0.0     0.0     0.0
     0.0     0.0     0.0     0.0
     0.0     0.0     0.0     0.0
     0.0     0.0     0.0     0.0
     0.0     0.0     0.0     0.0
     0.0     0.0     0.0     0.0
     0.0     0.0     0.0     0.0
     0.0     0.0     0.0     0.0
     0.0     0.0     0.0     0.0
     0.0     0.0     0.0     0.0
     0.0     0.0     0.0     0.0
     0.0     0.0     0.0     0.0
     0.0     0.0     0.0     0.0
     0.0     0.0     0.0     0.0
     0.0     0.0     0.0     0.0
     0.0     0.0     0.0     0.0
     0.0     0.0     0.0     0.0
     0.0     0.0     0.0     0.0
     0.0     0.0     0.0     0.0
     0.0     0.0     0.0     0.0
     0.0     0.0     0.0     0.0
     0.0     0.0     0.0     0.0
     0.0     0.0     0.0     0.0
     0.0     0.0     0.0     0.0
     0.0     0.0     0.0     0.0
     0.0     0.0     0.0     0.0
     0.0     0.0     0.0     0.0
     0.0     0.0     0.0     0.0
     0.0     0.0     0.0     0.0
     0.0     0.0     0.0     0.0
     0.0     0.0     0.0     0.0
     0.0     0.0     0.0     0.0
     0.0     0.0     0.0     0.0
     0.0     0.0     0.0     0.0
     0.0     0.0     0.0     0.0
     0.0     0.0     0.0     0.0
     0.0     0.0     0.0     0.0
     0.0     0.0     0.0     0.0
     0.0     0.0     0.0     0.0
     0.0     0.0     0.0     0.0
     0.0     0.0     0.0     0.0
     0.0     0.0     0.0     0.0
     0.0     0.0     0.0     0.0
     0.0     0.0     0.0     0.0
     0.0     0.0     0.0     0.0
     0.0     0.0     0.0     0.0
     0.0     0.0     0.0     0.0
     0.0     0.0     0.0     0.0
     0.0     0.0     0.0     0.0
     0.0     0.0     0.0     0.0
     0.0     0.0     0.0     0.0
     0.0     0.0     0.0     0.0
     0.0     0.0     0.0     0.0
     0.0     0.0     0.0     0.0
     0.0     0.0     0.0     0.0
     0.0     0.0     0.0     0.0
     0.0     0.0     0.0     0.0
     0.0     0.0     0.0     0.0
     0.0     0.0     0.0     0.0
     0.0     0.0     0.0     0.0
     0.0     0.0     0.0     0.0
     0.0     0.0     0.0     0.0
     0.0     0.0     0.0     0.0
     0.0     0.0     0.0     0.0
     0.0     0.0     0.0     0.0
     0.0     0.0     0.0     0.0
     0.0     0.0     0.0     0.0
     0.0     0.0     0.0     0.0
     0.0     0.0     0.0     0.0
     0.0     0.0     0.0     0.0
     0.0     0.0     0.0     0.0
     0.0     0.0     0.0     0.0
     0.0     0.0     0.0     0.0
     0.0     0.0     0.0     0.0
     0.0     0.0     0.0     0.0
     0.0     0.0     0.0     0.0
     0.0     0.0     0.0     0.0
     0.0     0.0     0.0     0.0
     0.0     0.0     0.0     0.0
     0.0     0.0     0.0     0.0
     0.0     0.0     0.0     0.0
     0.0     0.0     0.0     0.0
     0.0     0.0     0.0     0.0
     0.0     0.0     0.0     0.0
     0.0     0.0     0.0     0.0
     0.0     0.0     0.0     0.0
     0.0     0.0     0.0     0.0
     0.0     0.0     0.0     0.0
     0.0     0.0     0.0     0.0
     0.0     0.0     0.0     0.0
     0.0     0.0     0.0     0.0
     0.0     0.0     0.0     0.0
     0.0     0.0     0.0     0.0
     0.0     0.0     0.0     0.0
     0.0     0.0     0.0     0.0
     0.0     0.0     0.0     0.0
     0.0     0.0     0.0     0.0
     0.0     0.0     0.0     0.0
     0.0     0.0     0.0     0.0
     0.0     0.0     0.0     0.0
     0.0     0.0     0.0     0.0
     0.0     0.0     0.0     0.0
     0.0     0.0     0.0     0.0
     0.0     0.0     0.0     0.0
     0.0     0.0     0.0     0.0
     0.0     0.0     0.0     0.0
     0.0     0.0     0.0     0.0
     0.0     0.0     0.0     0.0
     0.0     0.0     0.0     0.0
     0.0     0.0     0.0     0.0
     0.0     0.0     0.0     0.0
     0.0     0.0     0.0     0.0
     0.0     0.0     0.0     0.0
     0.0     0.0     0.0     0.0
     0.0     0.0     0.0     0.0
     0.0     0.0     0.0     0.0
     0.0     0.0     0.0     0.0
     0.0     0.0     0.0     0.0
     0.0     0.0     0.0     0.0
     0.0     0.0     0.0     0.0
     0.0     0.0     0.0     0.0
     0.0     0.0     0.0     0.0
     0.0     0.0     0.0     0.0
     0.0     0.0     0.0     0.0
     0.0     0.0     0.0     0.0
     0.0     0.0     0.0     0.0
     0.0     0.0     0.0     0.0
     0.0     0.0     0.0     0.0
     0.0     0.0     0.0     0.0
     0.0     0.0     0.0     0.0
     0.0     0.0     0.0     0.0
     0.0     0.0     0.0     0.0
     0.0     0.0     0.0     0.0
     0.0     0.0     0.0     0.0
     0.0     0.0     0.0     0.0
     0.0     0.0     0.0     0.0
     0.0     0.0     0.0     0.0
     0.0     0.0     0.0     0.0
     0.0     0.0     0.0     0.0
     0.0     0.0     0.0     0.0
     0.0     0.0     0.0     0.0
     0.0     0.0     0.0     0.0
     0.0     0.0     0.0     0.0
     0.0     0.0     0.0     0.0
     0.0     0.0     0.0     0.0
     0.0     0.0     0.0     0.0
     0.0     0.0     0.0     0.0
     0.0     0.0     0.0     0.0
     0.0     0.0     0.0     0.0
     0.0     0.0     0.0     0.0
     0.0     0.0     0.0     0.0
     0.0     0.0     0.0     0.0
     0.0     0.0     0.0     0.0
     0.0     0.0     0.0     0.0
     0.0     0.0     0.0     0.0
     0.0     0.0     0.0     0.0
     0.0     0.0     0.0     0.0
     0.0     0.0     0.0     0.0
     0.0     0.0     0.0     0.0
     0.0     0.0     0.0     0.0
     0.0     0.0     0.0     0.0
     0.0     0.0     0.0     0.0
     0.0     0.0     0.0     0.0
     0.0     0.0     0.0     0.0
     0.0     0.0     0.0     0.0
     0.0     0.0     0.0     0.0
     0.0     0.0     0.0     0.0
     0.0     0.0     0.0     0.0
     0.0     0.0     0.0     0.0
     0.0     0.0     0.0     0.0
     0.0     0.0     0.0     0.0
     0.0     0.0     0.0     0.0
     0.0     0.0     0.0     0.0
     0.0     0.0     0.0     0.0
     0.0     0.0     0.0     0.0
     0.0     0.0     0.0     0.0
     0.0     0.0     0.0     0.0
     0.0     0.0     0.0     0.0
     0.0     0.0     0.0     0.0
     0.0     0.0     0.0     0.0
     0.0     0.0     0.0     0.0
     0.0     0.0     0.0     0.0
     0.0     0.0     0.0     0.0
     0.0     0.0     0.0     0.0
     0.0     0.0     0.0     0.0
     0.0     0.0     0.0     0.0
     0.0     0.0     0.0     0.0
     0.0     0.0     0.0     0.0
     0.0     0.0     0.0     0.0
     0.0     0.0     0.0     0.0
     0.0     0.0     0.0     0.0
     0.0     0.0     0.0     0.0
     0.0     0.0     0.0     0.0
     0.0     0.0     0.0     0.0
     0.0     0.0     0.0     0.0
     0.0     0.0     0.0     0.0
     0.0     0.0     0.0     0.0
     0.0     0.0     0.0     0.0
     0.0     0.0     0.0     0.0
     0.0     0.0     0.0     0.0
     0.0     0.0     0.0     0.0
     0.0     0.0     0.0     0.0
     0.0     0.0     0.0     0.0
     0.0     0.0     0.0     0.0
     0.0     0.0     0.0     0.0
     0.0     0.0     0.0     0.0
     0.0     0.0     0.0     0.0
     0.0     0.0     0.0     0.0
     0.0     0.0     0.0     0.0
     0.0     0.0     0.0     0.0
     0.0     0.0     0.0     0.0
     0.0     0.0     0.0     0.0
     0.0     0.0     0.0     0.0
     0.0     0.0     0.0     0.0
     0.0     0.0     0.0     0.0
     0.0     0.0     0.0     0.0
     0.0     0.0     0.0     0.0
     0.0     0.0     0.0     0.0
     0.0     0.0     0.0     0.0
     0.0     0.0     0.0     0.0
     0.0     0.0     0.0     0.0
     0.0     0.0     0.0     0.0
     0.0     0.0     0.0     0.0
     0.0     0.0     0.0     0.0
     0.0     0.0     0.0     0.0
     0.0     0.0     0.0     0.0
     0.0     0.0     0.0     0.0
     0.0     0.0     0.0     0.0
     0.0     0.0     0.0     0.0
     0.0     0.0     0.0     0.0
     0.0     0.0     0.0     0.0
     0.0     0.0     0.0     0.0
     0.0     0.0     0.0     0.0
     0.0     0.0     0.0     0.0
     0.0     0.0     0.0     0.0
     0.0     0.0     0.0     0.0
     0.0     0.0     0.0     0.0
     0.0     0.0     0.0     0.0
     0.0     0.0     0.0     0.0
     0.0     0.0     0.0     0.0
     0.0     0.0     0.0     0.0
     0.0     0.0     0.0     0.0
     0.0     0.0     0.0     0.0
     0.0     0.0     0.0     0.0
     0.0     0.0     0.0     0.0
     0.0     0.0     0.0     0.0
     0.0     0.0     0.0     0.0
     0.0     0.0     0.0     0.0
     0.0     0.0     0.0     0.0
     0.0     0.0     0.0     0.0
     0.0     0.0     0.0     0.0
     0.0     0.0     0.0     0.0
     0.0     0.0     0.0     0.0
     0.0     0.0     0.0     0.0
     0.0     0.0     0.0     0.0
     0.0     0.0     0.0     0.0
     0.0     0.0     0.0     0.0
     0.0     0.0     0.0     0.0
     0.0     0.0     0.0     0.0
     0.0     0.0     0.0     0.0
     0.0     0.0     0.0     0.0
     0.0     0.0     0.0     0.0
     0.0     0.0     0.0     0.0
     0.0     0.0     0.0     0.0
     0.0     0.0     0.0     0.0
     0.0     0.0     0.0     0.0
     0.0     0.0     0.0     0.0
     0.0     0.0     0.0     0.0
     0.0     0.0     0.0     0.0
     0.0     0.0     0.0     0.0
     0.0     0.0     0.0     0.0
     0.0     0.0     0.0     0.0
     0.0     0.0     0.0     0.0
     0.0     0.0     0.0     0.0
     0.0     0.0     0.0     0.0
     0.0     0.0     0.0     0.0
     0.0     0.0     0.0     0.0
     0.0     0.0     0.0     0.0
     0.0     0.0     0.0     0.0
     0.0     0.0     0.0     0.0
     0.0     0.0     0.0     0.0
     0.0     0.0     0.0     0.0
     0.0     0.0     0.0     0.0
     0.0     0.0     0.0     0.0
     0.0     0.0     0.0     0.0
     0.0     0.0     0.0     0.0
     0.0     0.0     0.0     0.0
     0.0     0.0     0.0     0.0
     0.0     0.0     0.0     0.0
     0.0     0.0     0.0     0.0
     0.0     0.0     0.0     0.0
     0.0     0.0     0.0     0.0
     0.0     0.0     0.0     0.0
     0.0     0.0     0.0     0.0
     0.0     0.0     0.0     0.0
     0.0     0.0     0.0     0.0
     0.0     0.0     0.0     0.0
     0.0     0.0     0.0     0.0
     0.0     0.0     0.0     0.0
     0.0     0.0     0.0     0.0
     0.0     0.0     0.0     0.0
     0.0     0.0     0.0     0.0
     0.0     0.0     0.0     0.0
     0.0     0.0     0.0     0.0
     0.0     0.0     0.0     0.0
     0.0     0.0     0.0     0.0
     0.0     0.0     0.0     0.0
     0.0     0.0     0.0     0.0
     0.0     0.0     0.0     0.0
     0.0     0.0     0.0     0.0
     0.0     0.0     0.0     0.0
     0.0     0.0     0.0     0.0
     0.0     0.0     0.0     0.0
     0.0     0.0     0.0     0.0
     0.0     0.0     0.0     0.0
     0.0     0.0     0.0     0.0
     0.0     0.0     0.0     0.0
     0.0     0.0     0.0     0.0
     0.0     0.0     0.0     0.0
     0.0     0.0     0.0     0.0
     0.0     0.0     0.0     0.0
     0.0     0.0     0.0     0.0
     0.0     0.0     0.0     0.0
     0.0     0.0     0.0     0.0
     0.0     0.0     0.0     0.0
     0.0     0.0     0.0     0.0
     0.0     0.0     0.0     0.0
     0.0     0.0     0.0     0.0
     0.0     0.0     0.0     0.0
     0.0     0.0     0.0     0.0
     0.0     0.0     0.0     0.0
     0.0     0.0     0.0     0.0
     0.0     0.0     0.0     0.0
     0.0     0.0     0.0     0.0
     0.0     0.0     0.0     0.0
     0.0     0.0     0.0     0.0
     0.0     0.0     0.0     0.0
     0.0     0.0     0.0     0.0
     0.0     0.0     0.0     0.0
     0.0     0.0     0.0     0.0
     0.0     0.0     0.0     0.0
     0.0     0.0     0.0     0.0
     0.0     0.0     0.0     0.0
     0.0     0.0     0.0     0.0
     0.0     0.0     0.0     0.0
     0.0     0.0     0.0     0.0
     0.0     0.0     0.0     0.0
     0.0     0.0     0.0     0.0
     0.0     0.0     0.0     0.0
     0.0     0.0     0.0     0.0
     0.0     0.0     0.0     0.0
     0.0     0.0     0.0     0.0
     0.0     0.0     0.0     0.0
     0.0     0.0     0.0     0.0
     0.0     0.0     0.0     0.0
     0.0     0.0     0.0     0.0
     0.0     0.0     0.0     0.0
     0.0     0.0     0.0     0.0
     0.0     0.0     0.0     0.0
     0.0     0.0     0.0     0.0
     0.0     0.0     0.0     0.0
     0.0     0.0     0.0     0.0
     0.0     0.0     0.0     0.0
     0.0     0.0     0.0     0.0
     0.0     0.0     0.0     0.0
     0.0     0.0     0.0     0.0
     0.0     0.0     0.0     0.0
     0.0     0.0     0.0     0.0
     0.0     0.0     0.0     0.0
     0.0     0.0     0.0     0.0
     0.0     0.0     0.0     0.0
     0.0     0.0     0.0     0.0
     0.0     0.0     0.0     0.0
     0.0     0.0     0.0     0.0
     0.0     0.0     0.0     0.0
     0.0     0.0     0.0     0.0
     0.0     0.0     0.0     0.0
     0.0     0.0     0.0     0.0
     0.0     0.0     0.0     0.0
     0.0     0.0     0.0     0.0
     0.0     0.0     0.0     0.0
     0.0     0.0     0.0     0.0
     0.0     0.0     0.0     0.0
     0.0     0.0     0.0     0.0
     0.0     0.0     0.0     0.0
     0.0     0.0     0.0     0.0
     0.0     0.0     0.0     0.0
     0.0     0.0     0.0     0.0
     0.0     0.0     0.0     0.0
     0.0     0.0     0.0     0.0
     0.0     0.0     0.0     0.0
     0.0     0.0     0.0     0.0
     0.0     0.0     0.0     0.0
     0.0     0.0     0.0     0.0
     0.0     0.0     0.0     0.0
     0.0     0.0     0.0     0.0
     0.0     0.0     0.0     0.0
     0.0     0.0     0.0     0.0
     0.0     0.0     0.0     0.0
     0.0     0.0     0.0     0.0
     0.0     0.0     0.0     0.0
     0.0     0.0     0.0     0.0
     0.0     0.0     0.0     0.0
     0.0     0.0     0.0     0.0
     0.0     0.0     0.0     0.0
     0.0     0.0     0.0     0.0
     0.0     0.0     0.0     0.0
     0.0     0.0     0.0     0.0
     0.0     0.0     0.0     0.0
     0.0     0.0     0.0     0.0
     0.0     0.0     0.0     0.0
     0.0     0.0     0.0     0.0
     0.0     0.0     0.0     0.0
     0.0     0.0     0.0     0.0
     0.0     0.0     0.0     0.0
     0.0     0.0     0.0     0.0
     0.0     0.0     0.0     0.0
     0.0     0.0     0.0     0.0
     0.0     0.0     0.0     0.0
     0.0     0.0     0.0     0.0
     0.0     0.0     0.0     0.0
     0.0     0.0     0.0     0.0
     0.0     0.0     0.0     0.0
     0.0     0.0     0.0     0.0
     0.0     0.0     0.0     0.0
     0.0     0.0     0.0     0.0
     0.0     0.0     0.0     0.0
     0.0     0.0     0.0     0.0
     0.0     0.0     0.0     0.0
     0.0     0.0     0.0     0.0
     0.0     0.0     0.0     0.0
     0.0     0.0     0.0     0.0
     0.0     0.0     0.0     0.0
     0.0     0.0     0.0     0.0
     0.0     0.0     0.0     0.0
     0.0     0.0     0.0     0.0
     0.0     0.0     0.0     0.0
     0.0     0.0     0.0     0.0
     0.0     0.0     0.0     0.0
     0.0     0.0     0.0     0.0
     0.0     0.0     0.0     0.0
     0.0     0.0     0.0     0.0
     0.0     0.0     0.0     0.0
     0.0     0.0     0.0     0.0
     0.0     0.0     0.0     0.0
     0.0     0.0     0.0     0.0
     0.0     0.0     0.0     0.0
     0.0     0.0     0.0     0.0
     0.0     0.0     0.0     0.0
     0.0     0.0     0.0     0.0
     0.0     0.0     0.0     0.0
     0.0     0.0     0.0     0.0
     0.0     0.0     0.0     0.0
     0.0     0.0     0.0     0.0
     0.0     0.0     0.0     0.0
     0.0     0.0     0.0     0.0
     0.0     0.0     0.0     0.0
     0.0     0.0     0.0     0.0
     0.0     0.0     0.0     0.0
     0.0     0.0     0.0     0.0
     0.0     0.0     0.0     0.0
     0.0     0.0     0.0     0.0
     0.0     0.0     0.0     0.0
     0.0     0.0     0.0     0.0
     0.0     0.0     0.0     0.0
     0.0     0.0     0.0     0.0
     0.0     0.0     0.0     0.0
     0.0     0.0     0.0     0.0
     0.0     0.0     0.0     0.0
     0.0     0.0     0.0     0.0
     0.0     0.0     0.0     0.0
     0.0     0.0     0.0     0.0
     0.0     0.0     0.0     0.0
     0.0     0.0     0.0     0.0
     0.0     0.0     0.0     0.0
     0.0     0.0     0.0     0.0
     0.0     0.0     0.0     0.0
     0.0     0.0     0.0     0.0
     0.0     0.0     0.0     0.0
     0.0     0.0     0.0     0.0
     0.0     0.0     0.0     0.0
     0.0     0.0     0.0     0.0
     0.0     0.0     0.0     0.0
     0.0     0.0     0.0     0.0
     0.0     0.0     0.0     0.0
     0.0     0.0     0.0     0.0
     0.0     0.0     0.0     0.0
     0.0     0.0     0.0     0.0
     0.0     0.0     0.0     0.0
     0.0     0.0     0.0     0.0
     0.0     0.0     0.0     0.0
     0.0     0.0     0.0     0.0
     0.0     0.0     0.0     0.0
     0.0     0.0     0.0     0.0
     0.0     0.0     0.0     0.0
    49.5    45.6    49.5    45.6
    53.6    49.5    49.5    49.5
    53.1    49.0    53.6    49.5
    57.6    53.5    53.4    53.5
     0.0     0.0     0.0     0.0
    57.1    52.8    57.4    53.1
    61.9    57.5    57.4    57.4
    61.3    56.8    61.6    57.1
    66.4    61.7    61.7    61.6
     0.0     0.0     0.0     0.0
    65.7    61.0    66.0    61.3
    71.0    66.3    66.1    66.0
    70.3    65.3    70.7    65.7
    75.9    70.8    70.8    70.7
     0.0     0.0     0.0     0.0
    75.2    70.0    75.5    70.3
    81.0    75.7    75.6    75.5
    75.2    70.3    80.7    75.2
    80.7    75.5    86.5    75.2
     0.0     0.0     0.0     0.0
     0.0     0.0     0.0     0.0
     0.0     0.0     0.0     0.0
     0.0     0.0     0.0     0.0
     0.0     0.0     0.0     0.0
     0.0     0.0     0.0     0.0
     0.0     0.0     0.0     0.0
     0.0     0.0     0.0     0.0
     0.0     0.0     0.0     0.0
     0.0     0.0     0.0     0.0
     0.0     0.0     0.0     0.0
     0.0     0.0     0.0     0.0
     0.0     0.0     0.0     0.0
     0.0     0.0     0.0     0.0
     0.0     0.0     0.0     0.0
     0.0     0.0     0.0     0.0
     0.0     0.0     0.0     0.0
     0.0     0.0     0.0     0.0
     0.0     0.0     0.0     0.0
     0.0     0.0     0.0     0.0
     0.0     0.0     0.0     0.0
     0.0     0.0     0.0     0.0
     0.0     0.0     0.0     0.0
     0.0     0.0     0.0     0.0
     0.0     0.0     0.0     0.0
     0.0     0.0     0.0     0.0
     0.0     0.0     0.0     0.0
     0.0     0.0     0.0     0.0
     0.0     0.0     0.0     0.0
     0.0     0.0     0.0     0.0
     0.0     0.0     0.0     0.0
     0.0     0.0     0.0     0.0
     0.0     0.0     0.0     0.0
     0.0     0.0     0.0     0.0
     0.0     0.0     0.0     0.0
     0.0     0.0     0.0     0.0
     0.0     0.0     0.0     0.0
     0.0     0.0     0.0     0.0
     0.0     0.0     0.0     0.0
     0.0     0.0     0.0     0.0
     0.0     0.0     0.0     0.0
     0.0     0.0     0.0     0.0
     0.0     0.0     0.0     0.0
     0.0     0.0     0.0     0.0
     0.0     0.0     0.0     0.0
     0.0     0.0     0.0     0.0
     0.0     0.0     0.0     0.0
     0.0     0.0     0.0     0.0
     0.0     0.0     0.0     0.0
     0.0     0.0     0.0     0.0
     0.0     0.0     0.0     0.0
     0.0     0.0     0.0     0.0
     0.0     0.0     0.0     0.0
     0.0     0.0     0.0     0.0
     0.0     0.0     0.0     0.0
     0.0     0.0     0.0     0.0
     0.0     0.0     0.0     0.0
     0.0     0.0     0.0     0.0
     0.0     0.0     0.0     0.0
     0.0     0.0     0.0     0.0
     0.0     0.0     0.0     0.0
     0.0     0.0     0.0     0.0
     0.0     0.0     0.0     0.0
     0.0     0.0     0.0     0.0
     0.0     0.0     0.0     0.0
     0.0     0.0     0.0     0.0
     0.0     0.0     0.0     0.0
     0.0     0.0     0.0     0.0
     0.0     0.0     0.0     0.0
     0.0     0.0     0.0     0.0
     0.0     0.0     0.0     0.0
     0.0     0.0     0.0     0.0
     0.0     0.0     0.0     0.0
     0.0     0.0     0.0     0.0
     0.0     0.0     0.0     0.0
     0.0     0.0     0.0     0.0
     0.0     0.0     0.0     0.0
     0.0     0.0     0.0     0.0
     0.0     0.0     0.0     0.0
     0.0     0.0     0.0     0.0
     0.0     0.0     0.0     0.0
     0.0     0.0     0.0     0.0
     0.0     0.0     0.0     0.0
     0.0     0.0     0.0     0.0
     0.0     0.0     0.0     0.0
     0.0     0.0     0.0     0.0
     0.0     0.0     0.0     0.0
     0.0     0.0     0.0     0.0
     0.0     0.0     0.0     0.0
     0.0     0.0     0.0     0.0
     0.0     0.0     0.0     0.0
     0.0     0.0     0.0     0.0
     0.0     0.0     0.0     0.0
     0.0     0.0     0.0     0.0
     0.0     0.0     0.0     0.0
     0.0     0.0     0.0     0.0
     0.0     0.0     0.0     0.0
     0.0     0.0     0.0     0.0
     0.0     0.0     0.0     0.0
     0.0     0.0     0.0     0.0
     0.0     0.0     0.0     0.0
     0.0     0.0     0.0     0.0
     0.0     0.0     0.0     0.0
     0.0     0.0     0.0     0.0
     0.0     0.0     0.0     0.0
     0.0     0.0     0.0     0.0
     0.0     0.0     0.0     0.0
     0.0     0.0     0.0     0.0
     0.0     0.0     0.0     0.0
     0.0     0.0     0.0     0.0
     0.0     0.0     0.0     0.0
     0.0     0.0     0.0     0.0
     0.0     0.0     0.0     0.0
     0.0     0.0     0.0     0.0
     0.0     0.0     0.0     0.0
     0.0     0.0     0.0     0.0
     0.0     0.0     0.0     0.0
     0.0     0.0     0.0     0.0
     0.0     0.0     0.0     0.0
     0.0     0.0     0.0     0.0
     0.0     0.0     0.0     0.0
     0.0     0.0     0.0     0.0
     0.0     0.0     0.0     0.0
     0.0     0.0     0.0     0.0
     0.0     0.0     0.0     0.0
     0.0     0.0     0.0     0.0
     0.0     0.0     0.0     0.0
     0.0     0.0     0.0     0.0
     0.0     0.0     0.0     0.0
     0.0     0.0     0.0     0.0
     0.0     0.0     0.0     0.0
     0.0     0.0     0.0     0.0
     0.0     0.0     0.0     0.0
     0.0     0.0     0.0     0.0
     0.0     0.0     0.0     0.0
     0.0     0.0     0.0     0.0
     0.0     0.0     0.0     0.0
     0.0     0.0     0.0     0.0
     0.0     0.0     0.0     0.0
     0.0     0.0     0.0     0.0
     0.0     0.0     0.0     0.0
     0.0     0.0     0.0     0.0
     0.0     0.0     0.0     0.0
     0.0     0.0     0.0     0.0
     0.0     0.0     0.0     0.0
     0.0     0.0     0.0     0.0
     0.0     0.0     0.0     0.0
     0.0     0.0     0.0     0.0
     0.0     0.0     0.0     0.0
     0.0     0.0     0.0     0.0
     0.0     0.0     0.0     0.0
     0.0     0.0     0.0     0.0
     0.0     0.0     0.0     0.0
     0.0     0.0     0.0     0.0
     0.0     0.0     0.0     0.0
     0.0     0.0     0.0     0.0
     0.0     0.0     0.0     0.0
     0.0     0.0     0.0     0.0
     0.0     0.0     0.0     0.0
     0.0     0.0     0.0     0.0
     0.0     0.0     0.0     0.0
     0.0     0.0     0.0     0.0
     0.0     0.0     0.0     0.0
     0.0     0.0     0.0     0.0
     0.0     0.0     0.0     0.0
     0.0     0.0     0.0     0.0
     0.0     0.0     0.0     0.0
     0.0     0.0     0.0     0.0
     0.0     0.0     0.0     0.0
     0.0     0.0     0.0     0.0
     0.0     0.0     0.0     0.0
     0.0     0.0     0.0     0.0
     0.0     0.0     0.0     0.0
     0.0     0.0     0.0     0.0
     0.0     0.0     0.0     0.0
     0.0     0.0     0.0     0.0
     0.0     0.0     0.0     0.0
     0.0     0.0     0.0     0.0
     0.0     0.0     0.0     0.0
     0.0     0.0     0.0     0.0
     0.0     0.0     0.0     0.0
     0.0     0.0     0.0     0.0
     0.0     0.0     0.0     0.0
     0.0     0.0     0.0     0.0
     0.0     0.0     0.0     0.0
     0.0     0.0     0.0     0.0
     0.0     0.0     0.0     0.0
     0.0     0.0     0.0     0.0
     0.0     0.0     0.0     0.0
     0.0     0.0     0.0     0.0
     0.0     0.0     0.0     0.0
     0.0     0.0     0.0     0.0
     0.0     0.0     0.0     0.0
     0.0     0.0     0.0     0.0
     0.0     0.0     0.0     0.0
     0.0     0.0     0.0     0.0
     0.0     0.0     0.0     0.0
     0.0     0.0     0.0     0.0
     0.0     0.0     0.0     0.0
     0.0     0.0     0.0     0.0
     0.0     0.0     0.0     0.0
     0.0     0.0     0.0     0.0
     0.0     0.0     0.0     0.0
     0.0     0.0     0.0     0.0
     0.0     0.0     0.0     0.0
     0.0     0.0     0.0     0.0
     0.0     0.0     0.0     0.0
     0.0     0.0     0.0     0.0
     0.0     0.0     0.0     0.0
     0.0     0.0     0.0     0.0
     0.0     0.0     0.0     0.0
     0.0     0.0     0.0     0.0
     0.0     0.0     0.0     0.0
     0.0     0.0     0.0     0.0
     0.0     0.0     0.0     0.0
     0.0     0.0     0.0     0.0
     0.0     0.0     0.0     0.0
     0.0     0.0     0.0     0.0
     0.0     0.0     0.0     0.0
     0.0     0.0     0.0     0.0
     0.0     0.0     0.0     0.0
     0.0     0.0     0.0     0.0
     0.0     0.0     0.0     0.0
     0.0     0.0     0.0     0.0
     0.0     0.0     0.0     0.0
     0.0     0.0     0.0     0.0
     0.0     0.0     0.0     0.0
     0.0     0.0     0.0     0.0
     0.0     0.0     0.0     0.0
     0.0     0.0     0.0     0.0
     0.0     0.0     0.0     0.0
     0.0     0.0     0.0     0.0
     0.0     0.0     0.0     0.0
     0.0     0.0     0.0     0.0
     0.0     0.0     0.0     0.0
     0.0     0.0     0.0     0.0
     0.0     0.0     0.0     0.0
     0.0     0.0     0.0     0.0
     0.0     0.0     0.0     0.0
     0.0     0.0     0.0     0.0
     0.0     0.0     0.0     0.0
     0.0     0.0     0.0     0.0
     0.0     0.0     0.0     0.0
     0.0     0.0     0.0     0.0
     0.0     0.0     0.0     0.0
     0.0     0.0     0.0     0.0
     0.0     0.0     0.0     0.0
     0.0     0.0     0.0     0.0
     0.0     0.0     0.0     0.0
     0.0     0.0     0.0     0.0
     0.0     0.0     0.0     0.0
     0.0     0.0     0.0     0.0
     0.0     0.0     0.0     0.0
     0.0     0.0     0.0     0.0
     0.0     0.0     0.0     0.0
     0.0     0.0     0.0     0.0
     0.0     0.0     0.0     0.0
     0.0     0.0     0.0     0.0
     0.0     0.0     0.0     0.0
     0.0     0.0     0.0     0.0
     0.0     0.0     0.0     0.0
     0.0     0.0     0.0     0.0
     0.0     0.0     0.0     0.0
     0.0     0.0     0.0     0.0
     0.0     0.0     0.0     0.0
     0.0     0.0     0.0     0.0
     0.0     0.0     0.0     0.0
     0.0     0.0     0.0     0.0
     0.0     0.0     0.0     0.0
     0.0     0.0     0.0     0.0
     0.0     0.0     0.0     0.0
     0.0     0.0     0.0     0.0
     0.0     0.0     0.0     0.0
     0.0     0.0     0.0     0.0
     0.0     0.0     0.0     0.0
     0.0     0.0     0.0     0.0
     0.0     0.0     0.0     0.0
     0.0     0.0     0.0     0.0
     0.0     0.0     0.0     0.0
     0.0     0.0     0.0     0.0
     0.0     0.0     0.0     0.0
     0.0     0.0     0.0     0.0
     0.0     0.0     0.0     0.0
     0.0     0.0     0.0     0.0
     0.0     0.0     0.0     0.0
     0.0     0.0     0.0     0.0
     0.0     0.0     0.0     0.0
     0.0     0.0     0.0     0.0
     0.0     0.0     0.0     0.0
     0.0     0.0     0.0     0.0
     0.0     0.0     0.0     0.0
     0.0     0.0     0.0     0.0
     0.0     0.0     0.0     0.0
     0.0     0.0     0.0     0.0
     0.0     0.0     0.0     0.0
     0.0     0.0     0.0     0.0
     0.0     0.0     0.0     0.0
     0.0     0.0     0.0     0.0
     0.0     0.0     0.0     0.0
     0.0     0.0     0.0     0.0
     0.0     0.0     0.0     0.0
